100
0 1.05317 0.367809 0.577343 0.44106 0.820216 0.900343 0.590153 0.770262 0.890853 0.283706 0.37847 0.851425 0.460962 0.458878 0.595085 0.688832 0.525573 0.199381 0.979813 0 0.588398 0.780824 1.23609 0.618147 0.160436 0.622141 0.418206 0.300475 1.10037 0.123069 0.427143 0.396657 0.418612 0.687432 0.728592 0.769274 1.17627 1.14095 0.808165 0.912395 0.882821 0.585281 0.731832 0.164991 0.719519 0.895967 1.03207 0.166685 0.713327 0.920775 0.651897 0.458149 1.00806 0.403512 0.596715 0.670395 0.455348 0 0.368368 0.358809 1.12482 0.501628 0.917656 0.459661 0.495535 0.874099 0 1.12427 0.532729 0.49393 0.655365 0.692914 0.501096 0 0.622898 0.745439 0.946578 0.219277 0.2846 0.287955 0.224896 0.463638 0.550984 0.837229 0.066689 0.865757 1.10178 0.999818 0.795892 0.891811 0.227684 0.849668 0.805924 0.516159 0 0.149048 1.15745 0.984043 0
1.05317 0 0.857989 0.624646 0.660384 0.728206 0.522112 0.758531 0.284428 0.497455 0.922538 0.785062 0.333107 0.67992 0.865535 0.874017 0.460854 0.646814 0.88035 0.499939 0.811313 0.533892 0.675567 0.193762 0.56271 0.892804 0.639829 0.779595 0.7569 0.143156 0.97704 0.755391 0.656577 0.672483 0.371383 0.405572 0.770753 0.148426 0.0896119 0.590223 0.360108 0.243929 0.517954 0.487766 1.07665 0.416971 0.433524 0 0.902344 0.676639 0.292561 0.456419 0.611451 0.0622738 0.801091 0.456872 0.844593 0.631466 0 0.916414 0 0.220844 0.800847 0.422303 0.834806 0.682533 0.501129 0.684042 0.205368 0.773736 0.743501 0.650336 0.676531 0.552192 0.375961 0.562295 0.659854 0.47088 0.844792 0.794009 0.912085 0 0.612184 0.783756 0.758223 1.00808 0.211926 0.0757903 0.072842 0.363888 0.595859 0.834117 0.223337 0.428957 0.583775 0.809988 0.906982 0.154635 0.112384 0.248822
0.367809 0.857989 0 0.622996 0.467519 0.45538 0.903416 0.224949 0.609065 0.884596 0.0917134 0.0782594 0.772254 0.178184 0.648636 0.23452 0.413047 0.218862 0.197389 0.967104 0.250225 0.566406 0 1.01445 0.316529 0.293292 0.283448 0.55134 0.241739 0.861777 0.403965 0.103363 0.32297 0.44346 0.498102 0.465648 0.886183 0.950857 0.935975 0.463247 0.619482 0.638104 0.5456 0.717334 0.50904 0.454408 0 0.808962 0.22952 0.355872 0.648128 0.592134 0.278061 0.829859 0.0582928 0.459982 0.304802 0.453608 0.916171 0.593792 0.532194 0.865054 0.652695 0.879807 0.0920834 0.181552 0.545971 0.192403 0 0 0.14376 0.308054 0.336419 0.374413 0.868745 0 0.81649 0.926053 0.218641 0.380267 0.0839708 0.289184 0.269002 0.691288 0.940702 0.301224 0.64767 0.886112 0.824465 0.722997 0.924915 0 0.635016 0.50681 0.276941 0.257875 0.267922 0.923556 0.823397 0.802967
0.577343 0.624646 0.622996 0 0.158183 0.859967 0.323034 0.709806 0.377987 0.314491 0.623293 0.553943 0.32292 0.512174 0.24263 0.800927 0.536273 0.546703 0.498245 0.403245 0.408044 0.110933 0.233474 0.817407 0.559067 0.443073 0.637164 0.179794 0.388529 0.730156 0 0.567117 0 0.183632 0.38875 0.529293 0.27367 0.771733 0.711394 0.75906 0.694425 0.580679 0.14002 0.168594 0.525424 0.529298 0.727479 0.650442 0.495987 0.744406 0.658291 0.176634 0.38512 0.564663 0.59486 0.291298 0.832215 0.169586 0.718688 0.308294 0.249109 0.787216 0.176238 0 0.67255 0.554577 0.753143 0.582542 0.778664 0.676835 0.616661 0.675937 0.727955 0.297249 0.368309 0.564041 0.193529 0.372021 0.454258 0.299721 0.616006 0 0.40106 0.163489 0.320173 0.565142 0 0.694531 0.554229 0.273421 0.319143 0.364004 0.508012 0.640376 0.447772 0.775851 0.473996 0 0.522138 0.40605
0.44106 0.660384 0.467519 0.158183 0 0.745728 0.469248 0.573582 0.38173 0.456523 0.465127 0.401198 0.413643 0.372287 0.255171 0.656431 0.451349 0.416237 0.341596 0.545082 0.251012 0.148147 0.390651 0.852993 0.448729 0.294603 0.515913 0.142841 0.230565 0.741287 0.337583 0.419039 0.152872 0.0256295 0.344741 0.459872 0.419756 0 0.749959 0 0.643624 0.55568 0.150081 0.29247 0.422766 0.456609 0.661826 0.664076 0.341764 0.626583 0.621868 0.217871 0.252798 0 0 0.233565 0.694821 0 0 0.269643 0.186103 0.78612 0.221145 0.477418 0.522367 0.417595 0 0.44763 0.780649 0.535142 0.474374 0.556235 0.608383 0.188063 0.484375 0.454139 0.350882 0.509451 0.297332 0.156461 0.457889 0 0.269235 0.244345 0.473186 0.419583 0.512786 0.721724 0.596867 0.358276 0.474163 0.216772 0.495851 0.568459 0.325862 0.63799 0 0.789638 0.572978 0.482748
0.820216 0.728206 0.45538 0.859967 0.745728 0 1.02884 0.230541 0.616051 1.00339 0.545771 0.446249 0.832036 0.397196 0.990052 0.27177 0.345002 0.33775 0.631576 1.06276 0.642892 0.759984 1.06584 0.809742 0.300931 0.716092 0.231418 0.876968 0.601272 0.655929 0.835069 0.39936 0.604215 0.73139 0.52135 0.380229 1.12928 0.750518 0.773012 0.138722 0.372892 0.490031 0.730045 0.86765 0.948151 0.373266 0 0.643879 0.666503 0.12022 0.437361 0.735845 0.494865 0.734461 0.416953 0.580056 0.195003 0.71543 0.739767 0.967049 0.888069 0.618723 0.966371 0.963256 0.366878 0.350809 0.232361 0.319439 0.630344 0.287917 0.329097 0.190724 0.139897 0.565233 0.931998 0 1.0291 1.02031 0.633614 0.743761 0.538953 0 0.478692 0.988912 1.16294 0.753598 0.545535 0.715497 0.734961 0.805066 1.07887 0.724247 0.54437 0.305608 0.419866 0.211304 0.700194 0.713481 0.756835 0.813287
0.900343 0.522112 0.903416 0.323034 0.469248 1.02884 0 0.935408 0.421245 0.0269138 0.921036 0.827718 0.213266 0.759245 0.516711 1.04216 0.683921 0.772717 0.808545 0 0.717982 0.339165 0.190541 0.685607 0.747323 0.762667 0.837155 0.494187 0.688142 0.661077 0.785325 0.828069 0.585344 0.494427 0.507519 0.651601 0.281366 0.661642 0.587268 0.903015 0.754309 0.611496 0.357945 0.186122 0.84133 0.657237 0.811496 0.589701 0.810763 0.928697 0.696155 0.315847 0.633337 0.462676 0.86432 0.469678 1.05434 0.467397 0.610601 0.604302 0.562729 0.735359 0.447445 0.100325 0.934175 0.792433 0.859781 0.81402 0.721608 0.916738 0.861345 0.869489 0.917062 0.533962 0.146576 0.750893 0.199097 0.0686516 0.764104 0.62054 0.912593 0.707074 0.646259 0.405583 0.247312 0.886359 0.541568 0.597404 0.453027 0.225377 0.0742836 0.68389 0.532541 0.748008 0.670786 1.0017 0.792224 0.675561 0.411536 0.278618
0.590153 0.758531 0.224949 0.709806 0.573582 0.230541 0.935408 0 0.563629 0.91247 0.315787 0.221061 0.764387 0.201564 0.8 0.116658 0.300534 0.164994 0.404794 0.984722 0.42667 0.624626 0.9339 0.885988 0 0.49325 0.118773 0.690735 0.392593 0.728071 0.610993 0.177627 0.422016 0.554708 0.451037 0.354719 0.98344 0.822562 0.824008 0.254807 0.455391 0.517665 0.597166 0.757124 0.722135 0.343658 0.402981 0.691172 0.439489 0.137231 0.500893 0.622198 0.324828 0.745534 0.188009 0.465754 0 0.548357 0.797458 0.764338 0.690527 0.714178 0.786999 0.888486 0.138506 0.156102 0.351331 0.127265 0.721451 0.057441 0.107493 0.114895 0.12045 0.416156 0.866321 0.202509 0.894822 0.941855 0.411299 0.53988 0.308706 0.469023 0.308776 0.816637 1.02714 0.523484 0.549631 0.768959 0 0.725022 0.973038 0.51093 0.541567 0.348275 0.267508 0.0668 0.474658 0.790136 0.752811 0.770333
0.770262 0.284428 0.609065 0.377987 0.38173 0.616051 0.421245 0.563629 0 0.39476 0.661841 0.532006 0.216316 0.434029 0.606781 0.678959 0.276977 0.41892 0 0 0.530136 0.272564 0.504991 0.47378 0.360779 0.60983 0.450941 0.510276 0.477197 0.360762 0.692622 0.511412 0.373745 0.391518 0.114366 0.235838 0 0.418604 0.37353 0.485248 0.341356 0.208969 0.250085 0.292382 0.793037 0.243213 0.392629 0.282673 0.623277 0.526153 0.292066 0.201495 0.341933 0.237931 0.555898 0.173633 0.672181 0 0.369201 0.645862 0.565528 0.411488 0.548255 0.347937 0.605343 0.449611 0.438629 0 0.404145 0.561584 0.517764 0.476024 0.517901 0.270835 0.315991 0 0.476441 0.405445 0.565867 0.509941 0.651586 0.545411 0.346056 0.541417 0.601101 0.727305 0.146566 0.34097 0 0 0.4803 0.549794 0.131661 0.326905 0.333547 0.625675 0.625434 0 0 0.206779
0.890853 0.497455 0.884596 0.314491 0.456523 1.00339 0.0269138 0.91247 0.39476 0 0.90422 0.808475 0.186362 0.738154 0.517328 1.01992 0.65858 0.750277 0.794064 0.0889698 0.703682 0.322573 0.203305 0.663198 0.723171 0.750768 0.813219 0.488891 0.672295 0.635799 0.777219 0.80774 0.56821 0.481432 0 0.6257 0.296704 0.637997 0.563976 0.877084 0.727418 0.584582 0.339877 0.168568 0.836475 0.631453 0.784719 0.563936 0.797281 0.903922 0.669242 0.294841 0.612966 0.437632 0.844581 0.446956 1.03098 0.452923 0.58664 0.602854 0.557913 0.70977 0.447368 0.0776707 0.913599 0 0.833213 0.791747 0.696134 0.894679 0.839743 0.845199 0.89249 0.513638 0.123136 0.726672 0.206951 0.0609383 0 0.609463 0.895636 0 0.625602 0.40727 0.267325 0.875052 0.514654 0.572906 0.427889 0.199212 0.0984437 0.672266 0.505636 0 0.648632 0.978638 0.779776 0.651243 0.386451 0.252762
0.283706 0.922538 0.0917134 0.623293 0.465127 0.545771 0.921036 0.315787 0.661841 0.90422 0 0.141354 0.807927 0.247991 0.614121 0.311409 0.490354 0.299173 0.143971 0.989525 0.221957 0.581896 0.85526 1.08595 0.398282 0.238102 0.37303 0.526736 0.235157 0 0.336494 0.182853 0.336067 0.439784 0.555283 0.540808 0.875214 1.02276 1.00337 0.554442 0.703017 0.711525 0.564862 0.735667 0.433777 0.529889 0.670594 0.879305 0.168304 0.447573 0 0.618391 0.320832 0.890229 0.143315 0 0.387071 0 0.98568 0.548872 0.496895 0 0.627757 0.907134 0.179434 0.262543 0.635311 0.278235 0.946567 0.259078 0.23399 0.39909 0.428133 0.408443 0.900517 0.401703 0.815664 0.949821 0.179722 0.351717 0.0104688 0.253095 0.315794 0.670186 0.933964 0.21818 0.715054 0.955462 0.884113 0.756125 0.935444 0.295193 0.701401 0.590688 0.339034 0.344048 0.207299 0.997079 0.879589 0.8469
0.37847 0.785062 0.0782594 0.553943 0.401198 0.446249 0.827718 0.221061 0.532006 0.808475 0.141354 0 0.694077 0.106869 0.599327 0.267401 0.349048 0.159541 0.185359 0.890341 0.209459 0.492151 0.786933 0.945613 0.258568 0.272195 0.245084 0.496466 0.185743 0.794856 0.390089 0.0487285 0.252172 0.378148 0.421956 0.3995 0.820953 0.882286 0.864552 0.430825 0.563393 0 0.470379 0.641801 0.502105 0.388557 0.534186 0.739257 0.220309 0.335554 0.586635 0.515206 0.199912 0.755163 0.0426873 0.381724 0.324462 0.384413 0.845985 0.553303 0.485112 0.802227 0.596824 0.80234 0.123651 0.124109 0.503485 0.14496 0.805213 0.166113 0.117168 0.27703 0.315001 0.29687 0.790792 0.262286 0.746957 0.849091 0.190398 0.332026 0.131032 0.251456 0.190744 0.632695 0.873293 0.312784 0.576034 0.815812 0.749506 0.645005 0.85107 0.294737 0.562818 0.451529 0.201751 0 0.254202 0.856186 0.747355 0.724869
0.851425 0.333107 0.772254 0.32292 0.413643 0.832036 0.213266 0.764387 0.216316 0.186362 0.807927 0.694077 0 0.609216 0.563445 0.876848 0.490393 0.608884 0.719087 0.231215 0.633113 0.265838 0.343184 0.516011 0.566105 0.697296 0.657118 0.498021 0.590384 0.463295 0.751226 0.68404 0.480304 0.434105 0.317114 0.451849 0.4379 0.480282 0.411148 0.701534 0.54169 0.398361 0.266153 0.162908 0.831946 0.458831 0.600482 0.387562 0.73007 0.739264 0.48293 0.199959 0.494193 0.270919 0.725236 0.313137 0.878202 0.396172 0.427003 0.630638 0.565436 0.533949 0.494293 0.131701 0.786012 0.634529 0.651272 0.651171 0.521405 0.754541 0.704382 0.685486 0.729793 0.399974 0.102098 0.568892 0.326769 0.189398 0 0.56838 0.798377 0.634618 0.503743 0.468573 0.429396 0.822437 0.328397 0.408492 0.260445 0.0555415 0 0.62394 0.319722 0.541625 0.512127 0.828823 0.721125 0.487251 0.221241 0.0879128
0.460962 0.67992 0.178184 0.512174 0.372287 0.397196 0.759245 0.201564 0.434029 0.738154 0.247991 0.106869 0.609216 0 0.600789 0.289432 0 0.0657055 0.261604 0.816256 0.249979 0.434055 0.740166 0.838847 0.158494 0.330482 0.171356 0.490281 0.204539 0.687999 0 0.0774074 0.220453 0.353163 0.321539 0.292874 0.7852 0.775481 0 0.353225 0.461024 0.463677 0.408575 0.5757 0.564956 0.282015 0.437016 0.63262 0.295098 0.278181 0.481245 0.44343 0.128785 0.651804 0.122427 0.296803 0.322544 0.347926 0.739489 0.57104 0.494006 0.696115 0.585706 0.724306 0.176994 0.0473278 0.413174 0.0790333 0.698846 0 0.104845 0.210179 0.257805 0.226649 0.708611 0.162922 0.700607 0.774079 0.250022 0.346963 0.237605 0.29078 0.114143 0.615077 0 0.398225 0.470037 0.709344 0.646509 0.563199 0.789883 0.328309 0.457133 0.350442 0.100487 0.265724 0.321744 0.749317 0.646242 0.63251
0.458878 0.865535 0.648636 0.24263 0.255171 0.990052 0.516711 0.8 0.606781 0.517328 0.614121 0.599327 0.563445 0.600789 0 0.866387 0.706459 0.653895 0.470529 0.599954 0.398764 0.335142 0.353286 1.05883 0.698635 0 0.758657 0.114056 0.413686 0.965433 0.336378 0.629951 0.385837 0 0.591894 0.714334 0 1.0117 0.95298 0.912898 0.895666 0.798382 0.356756 0.403355 0.348841 0.711391 0.916465 0.886081 0.451626 0.869925 0.869573 0.410933 0.495768 0.80621 0.641742 0.482263 0.916734 0.289597 0.959 0.0966157 0.117277 1.01823 0.070735 0.570837 0.722465 0.648008 0.929367 0.679496 1.01088 0.754196 0.694587 0.799346 0.850769 0.442779 0.596821 0.704143 0.326409 0.578232 0.435684 0.268529 0.6103 0.362228 0.511729 0.112133 0.388796 0.474937 0.748287 0.934063 0.795847 0.515535 0.483599 0.319103 0.731778 0.823442 0.57281 0.860437 0.416335 1.00751 0.764465 0.647989
0.595085 0.874017 0.23452 0.800927 0.656431 0.27177 1.04216 0.116658 0.678959 1.01992 0.311409 0.267401 0.876848 0.289432 0.866387 0 0.417107 0.269798 0.431662 1.09432 0.475037 0.722909 1.0296 0.997049 0.320171 0.526913 0 0.761884 0.452717 0.838926 0.638475 0.238557 0.503606 0.635351 0.565739 0.4711 1.07323 0.933953 0.937978 0.342054 0.561256 0.632151 0.696776 0.861171 0.742386 0.4601 0.503335 0.804937 0.46404 0.222485 0.610847 0.72707 0.418075 0.861936 0.225511 0.573185 0.0816152 0.634635 0.910594 0.820023 0.752501 0.82091 0.861269 0.999149 0.146686 0.250774 0.44536 0.228171 0.829076 0.125887 0 0.225215 0.212761 0.514505 0.978506 0.319025 0.990024 1.05159 0.449454 0.599426 0.307667 0.516264 0.403004 0 1.12063 0.529531 0.665836 0.882446 0.859238 0 1.07653 0.560204 0.657992 0 0.37138 0.0701621 0.502363 0.900675 0.869468 0.885455
0.688832 0.460854 0.413047 0.536273 0.451349 0.345002 0.683921 0.300534 0.276977 0.65858 0.490354 0.349048 0.490393 0 0.706459 0.417107 0 0.194366 0.492184 0.719867 0.454021 0.429437 0.727368 0.603601 0.102203 0.541627 0.182321 0.593263 0 0.449227 0.653153 0.310214 0.343424 0.444533 0.176404 0.0553496 0.796837 0.539791 0.531467 0.22585 0.22363 0.227097 0 0.524493 0.768052 0.0438975 0.217893 0.400709 0.522715 0.249234 0.238028 0.395296 0.241925 0.445175 0.354757 0.245869 0.399588 0.417204 0.508281 0.707984 0.62327 0.453197 0.668413 0.620645 0.376868 0.231632 0.222909 0.226962 0.456412 0 0.285761 0.201445 0 0.263957 0.591642 0.101497 0.692037 0.677175 0.469965 0 0.480064 0.487454 0.23166 0.681534 0.825154 0.630159 0.249995 0.478714 0.442253 0.460749 0 0.513411 0.241239 0.122861 0.173131 0.357287 0.541944 0.51125 0.452702 0.481448
0.525573 0.646814 0.218862 0.546703 0.416237 0.33775 0.772717 0.164994 0.41892 0.750277 0.299173 0.159541 0.608884 0.0657055 0.653895 0.269798 0.194366 0 0.326396 0.824573 0.31496 0.459708 0.76918 0.797197 0.0991562 0.396133 0.107955 0.541682 0.2677 0.643502 0.514775 0.116802 0.268808 0.399378 0.304557 0 0.820334 0.733461 0.721748 0.287622 0.404024 0.420502 0.432175 0.592952 0.630568 0.236352 0.37544 0 0.360195 0.217694 0.429588 0.458291 0.163781 0.623773 0.160583 0.303417 0.287069 0.38881 0.700336 0.629375 0.5504 0.646298 0.634201 0.729724 0.189127 0.0373111 0.348687 0.0422977 0.650095 0.14572 0.0991562 0.14799 0.19786 0.251476 0.710113 0.102761 0.730211 0.781874 0.315718 0.406662 0.289112 0.355317 0.147369 0.660548 0.86282 0.4622 0.435027 0.670471 0.619365 0 0.808757 0.3918 0.423611 0.292007 0.102677 0.23178 0.387361 0.705446 0.623072 0.623078
0.199381 0.88035 0.197389 0.498245 0.341596 0.631576 0.808545 0.404794 0 0.794064 0.143971 0.185359 0.719087 0.261604 0.470529 0.431662 0.492184 0.326396 0 0.881559 0.0906823 0.473136 0.7263 1.05686 0.418871 0.0966416 0.424868 0.386409 0.129322 0.915399 0 0.232996 0.23937 0.315989 0.509416 0.534347 0.739575 0 0.965975 0.610618 0.715264 0.694214 0.461088 0.626514 0.317342 0.524796 0.696957 0.850652 0.0349652 0.520327 0.726808 0 0.27123 0.840227 0 0.432087 0.499207 0.341204 0.9533 0.405243 0.353418 0.934864 0.486645 0.805845 0.28652 0.297194 0.674771 0 0.93533 0.348354 0.302525 0.45949 0.499693 0.333974 0.804916 0.423588 0.687309 0.8438 0.0444411 0.211924 0.14105 0.112271 0.273789 0 0.800624 0.138054 0.683597 0.923188 0.832833 0 0.815757 0.152316 0.668186 0.607613 0.320951 0.448899 0.0709212 0.974169 0.821943 0.769388
0.979813 0.499939 0.967104 0.403245 0.545082 1.06276 0 0.984722 0 0.0889698 0.989525 0.890341 0.231215 0.816256 0.599954 1.09432 0.719867 0.824573 0.881559 0 0.791342 0.409007 0.267033 0.648155 0.790933 0.839482 0.881695 0.576497 0.758783 0.642345 0.86598 0.887469 0.653495 0.56988 0.544711 0.682745 0.35244 0.6312 0.555448 0.932736 0.76672 0.621858 0.424664 0.255097 0.923902 0.689496 0.828383 0.576304 0.885371 0.9679 0.704873 0.375157 0.693005 0.444452 0.92547 0.521596 1.10144 0.540673 0.582597 0.687625 0.645267 0.718921 0.530767 0.0995646 0.992629 0.846742 0.881155 0.86647 0.704166 0.969848 0.91632 0.911916 0.957629 0.594077 0.136573 0 0 0.0429534 0.837183 0.698363 0.980783 0 0.704986 0.488676 0.308349 0.963886 0.552237 0.573157 0.435762 0.260788 0.134663 0.76106 0.545495 0.772463 0.724096 1.05031 0 0.649332 0.394696 0.273436
0 0.811313 0.250225 0.408044 0.251012 0.642892 0.717982 0.42667 0.530136 0.703682 0.221957 0.209459 0.633113 0.249979 0.398764 0.475037 0.454021 0.31496 0.0906823 0.791342 0 0.383396 0.637224 0.992713 0.395878 0.087852 0.421242 0 0.0571711 0.856543 0.201629 0.249097 0.15778 0.225392 0.443827 0.489754 0 0 0 0.602208 0.677048 0.639763 0.372418 0.536392 0.317702 0.481319 0.667549 0.788315 0.096979 0.525899 0.680797 0.434354 0.216421 0.768002 0.249939 0.3567 0.53389 0.25076 0.888285 0.345185 0.282045 0 0.407014 0.716681 0.328707 0.293762 0.65397 0.324293 0.881067 0.374066 0.319411 0.459506 0.505265 0.259447 0.716926 0.401118 0.598025 0.753844 0.0463232 0.131363 0.216419 0.0423533 0 0 0.713372 0.197172 0.621912 0.858452 0.760106 0.578397 0.725168 0.0853152 0.60585 0.574633 0.281309 0.479777 0.0957297 0.913603 0.746585 0.686771
0.588398 0.533892 0.566406 0.110933 0.148147 0.759984 0.339165 0.624626 0.272564 0.322573 0.581896 0.492151 0.265838 0.434055 0.335142 0.722909 0.429437 0.459708 0.473136 0.409007 0.383396 0 0.309925 0.727652 0 0.438242 0.542661 0.24605 0.349826 0.630292 0.485591 0.497215 0.246239 0.169788 0.277891 0.419734 0.369412 0.678403 0.622519 0.653955 0.58351 0.471462 0.0303222 0.154074 0.56718 0 0.616921 0.550964 0.478697 0.64692 0.548057 0.0776198 0.305328 0.476337 0.530446 0.183569 0.746771 0.134698 0.626199 0.382809 0.30875 0.683895 0.275707 0.333763 0.603904 0 0.643914 0.498258 0.676177 0 0.538653 0.580104 0.631508 0.208769 0.33752 0.465009 0.271499 0.370718 0.428878 0.304061 0.573431 0.377982 0.320015 0.271469 0.405086 0 0.416566 0.600482 0.466249 0.210676 0.358945 0.362224 0.400481 0.530606 0.357789 0.691348 0.464724 0.672943 0.43822 0.337892
0.780824 0.675567 0 0.233474 0.390651 1.06584 0.190541 0.9339 0.504991 0.203305 0.85526 0.786933 0.343184 0.740166 0.353286 1.0296 0.727368 0.76918 0.7263 0.267033 0.637224 0.309925 0 0.852918 0 0.662454 0.852124 0.362618 0.62119 0.806134 0.65965 0.798462 0.534763 0.415725 0.559189 0.708019 0.0960211 0.821487 0.750146 0.953188 0.845753 0.712377 0.338585 0.212658 0.69648 0.710792 0 0.729477 0.720764 0.954961 0.796553 0.33219 0.611666 0.613597 0.82753 0.485784 1.05621 0.40291 0.768612 0.447653 0.42486 0.875484 0.290121 0.277361 0.904467 0.780621 0.92978 0.807103 0.86346 0.904475 0.845008 0.889081 0.940118 0.517751 0.318636 0.772774 0.0399808 0.259123 0.682997 0.519756 0.848239 0.616334 0.627028 0.242165 0 0.778979 0 0.751201 0.603211 0.324153 0.136299 0.584353 0.632884 0.815078 0.667585 1.00052 0.695099 0.830047 0.563249 0.427057
1.23609 0.193762 1.01445 0.817407 0.852993 0.809742 0.685607 0.885988 0.47378 0.663198 1.08595 0.945613 0.516011 0.838847 1.05883 0.997049 0.603601 0.797197 1.05686 0.648155 0.992713 0.727652 0.852918 0 0.704714 1.07629 0.770225 0.973341 0.93707 0.158131 1.16493 0.911096 0.840868 0.864369 0.54896 0.5495 0.948876 0.0638432 0.106118 0.679589 0.441547 0.376704 0.711584 0.675515 1.26673 0.560897 0.509882 0.207 1.08094 0.783885 0.386371 0.650165 0.785752 0.252745 0.956407 0.643109 0.955245 0 0.104897 1.11016 1.03323 0.195278 0.993644 0.585685 0.979703 0.834203 0.577833 0.830506 0.181428 0.910401 0.889001 0.772356 0.788293 0.735676 0.540144 0.703146 0.840874 0.626568 1.02359 0.983424 1.07549 1.01272 0.784429 0.975273 0.929571 1.1881 0.373595 0.134334 0.263194 0.552378 0.759821 1.02088 0.388729 0.538964 0.748198 0 1.08838 0.0969738 0.297304 0.428562
0.618147 0.56271 0.316529 0.559067 0.448729 0.300931 0.747323 0 0.360779 0.723171 0.398282 0.258568 0.566105 0.158494 0.698635 0.320171 0.102203 0.0991562 0.418871 0.790933 0.395878 0 0 0.704714 0 0.480916 0.0910128 0.584651 0.34349 0.54935 0.597501 0.215653 0.316348 0.436467 0.249771 0.157516 0.829107 0.640873 0.633652 0.215693 0.304875 0.328751 0.430645 0.576454 0.71358 0 0.27855 0.502686 0.451657 0 0.331732 0.442165 0.205532 0.545292 0.258484 0.284022 0.312313 0.417171 0.610219 0.68622 0.60372 0.548887 0.66987 0.693096 0.275077 0.135843 0.258246 0.126362 0.553225 0.211232 0.184304 0.122458 0.172154 0.26492 0.668198 0.00557022 0.73081 0.747982 0.403385 0.470193 0.388243 0.433696 0.19077 0.690034 0.864694 0.556194 0.351341 0.580734 0.541925 0.530154 0.791134 0.465878 0.341816 0.193008 0.127069 0.264897 0.475864 0.611557 0.550191 0.567549
0.160436 0.892804 0.293292 0.443073 0.294603 0.716092 0.762667 0.49325 0.60983 0.750768 0.238102 0.272195 0.697296 0.330482 0 0.526913 0.541627 0.396133 0.0966416 0.839482 0.087852 0.438242 0.662454 1.07629 0.480916 0 0.500302 0.308756 0.144844 0.942117 0.11932 0.317187 0.236244 0.270286 0.5281 0.577603 0 1.01679 0.980694 0.683704 0.764795 0.726611 0.43204 0.586937 0.234531 0.569168 0.754403 0.872866 0.0703307 0.601521 0.768558 0.497338 0.304147 0.847644 0.308109 0.43628 0.592538 0.303611 0.971622 0.311503 0.26674 0.968852 0.40575 0.771159 0.380941 0.371733 0.739159 0.400993 0.967717 0.437995 0.388022 0.537288 0.580806 0.340876 0.775583 0.486053 0 0.804054 0.0824783 0.1436 0.236248 0.0646028 0.311564 0.451962 0.730356 0.125587 0.706997 0.941955 0.839426 0.641923 0.762071 0 0.690757 0.661866 0.368716 0.540902 0.0341891 0.998594 0.823953 0.756483
0.622141 0.639829 0.283448 0.637164 0.515913 0.231418 0.837155 0.118773 0.450941 0.813219 0.37303 0.245084 0.657118 0.171356 0.758657 0 0.182321 0.107955 0.424868 0.881695 0.421242 0.542661 0.852124 0.770225 0.0910128 0.500302 0 0.645675 0.37532 0.612719 0.61946 0.196587 0.372823 0.50078 0.340658 0 0.909443 0.706593 0.706062 0.186031 0 0.399562 0.513586 0 0.734773 0.225112 0.302957 0.57344 0.459453 0.111274 0 0.529507 0.263916 0.626932 0.229997 0.371106 0.221453 0.486526 0.680111 0.736697 0.657036 0.602899 0.735934 0.783994 0.219988 0.12864 0 0.101059 0.609235 0.141823 0.139735 0.0406938 0.0925018 0.340036 0.75921 0.0883675 0.814076 0.838742 0.418735 0.514466 0.363936 0.462136 0.247639 0.759869 0.947747 0.55712 0.430899 0.651373 0.624254 0.620948 0.87963 0.499344 0 0.236233 0.190864 0.175599 0.489139 0.67496 0.634999 0.657589
0.418206 0.779595 0.55134 0.179794 0.142841 0.876968 0.494187 0.690735 0.510276 0.488891 0.526736 0.496466 0.498021 0.490281 0.114056 0.761884 0.593263 0.541682 0.386409 0.576497 0 0.24605 0.362618 0.973341 0.584651 0.308756 0.645675 0 0.311308 0 0.2974 0.523899 0 0.14923 0.484973 0.602707 0.357956 0.923144 0.868419 0.798842 0.786076 0.694243 0.262281 0.348224 0.347602 0.599384 0.804622 0.792398 0.373455 0.756943 0.762744 0.323668 0.382294 0.722364 0.539139 0.374212 0.808977 0.177637 0.871328 0.136822 0.0694599 0.919936 0.1015 0.529695 0.620112 0.537286 0.816116 0.568563 0.913515 0.64669 0.586512 0.686342 0.73795 0.329357 0.548079 0.590154 0.327511 0.548073 0.347123 0 0.521701 0 0.398356 0.144075 0.423119 0.418817 0.647671 0.8451 0.71229 0.445806 0.477114 0.235152 0.630902 0.711112 0.459016 0.752386 0.342676 0.91617 0.684006 0.577603
0.300475 0.7569 0.241739 0.388529 0.230565 0.601272 0.688142 0.392593 0.477197 0.672295 0.235157 0.185743 0.590384 0.204539 0.413686 0.452717 0 0.2677 0.129322 0.758783 0.0571711 0.349826 0.62119 0.93707 0.34349 0.144844 0.37532 0.311308 0 0.799952 0.255724 0.217725 0.110186 0.205489 0.388114 0.432867 0.64585 0.876705 0.84367 0.553043 0.620615 0.582703 0.335408 0.50389 0.371369 0.424539 0.612513 0.732229 0.146097 0.48266 0.623715 0.393934 0.159306 0.714727 0.228292 0.304478 0.505361 0.222798 0.832799 0.371816 0.300258 0.824868 0.412188 0.680188 0.309199 0.250467 0.600902 0.281878 0.824054 0.343215 0.285326 0.414605 0.462225 0.206486 0.677592 0.348837 0.581443 0.720066 0.0888517 0.1478 0.227603 0.0904192 0.166964 0.449761 0.702197 0.251287 0.565615 0.802889 0.707037 0.536413 0.700556 0.124112 0.549652 0.51912 0.225817 0.449779 0.151664 0.857271 0.694749 0.640072
1.10037 0.143156 0.861777 0.730156 0.741287 0.655929 0.661077 0.728071 0.360762 0.635799 0 0.794856 0.463295 0.687999 0.965433 0.838926 0.449227 0.643502 0.915399 0.642345 0.856543 0.630292 0.806134 0.158131 0.54935 0.942117 0.612719 0 0.799952 0 1.03716 0.758575 0.709739 0.749398 0.415206 0.396136 0.900073 0.095602 0.128847 0.523636 0.284946 0.224367 0.609787 0.608757 1.14326 0.40737 0.354983 0.0797388 0.941259 0.626145 0 0.555192 0.644569 0.198732 0.803548 0.518132 0.797485 0.709435 0.0909559 1.00662 0.926002 0.0780092 0.904428 0.562074 0.823879 0.680703 0.423569 0.675551 0.0622317 0.753324 0.733583 0.614295 0.630298 0.604802 0.515925 0.547536 0.787359 0.612233 0.884448 0.860073 0.925466 0.879789 0.641649 0.892731 0.892262 1.04931 0.235594 0.0788718 0.208138 0.486036 0.734194 0.891969 0.252196 0.380835 0.600773 0.770996 0.951597 0.0623141 0.249667 0.383841
0.123069 0.97704 0.403965 0 0.337583 0.835069 0.785325 0.610993 0.692622 0.777219 0.336494 0.390089 0.751226 0 0.336378 0.638475 0.653153 0.514775 0 0.86598 0.201629 0.485591 0.65965 1.16493 0.597501 0.11932 0.61946 0.2974 0.255724 1.03716 0 0.435863 0 0.317761 0.622047 0.685842 0.646312 1.10726 0 0.802395 0.874966 0.827171 0.486477 0.622447 0 0.678052 0.868236 0.965051 0.174507 0.720806 0.874525 0.554191 0.41222 0.928019 0.42441 0.52188 0.706986 0.357305 1.06004 0.247782 0.23618 1.06885 0.37866 0.808451 0.494121 0.490948 0.855594 0.520301 1.06663 0.555151 0.506558 0 0.70009 0.432404 0.819342 0.602733 0.6249 0.834253 0.201649 0.185371 0.337068 0.165706 0.421549 0.428075 0.71444 0.145204 0.801616 1.03094 0.919169 0.695842 0.773388 0.145317 0.784967 0.774728 0.481519 0 0.136951 1.09159 0.899776 0.818801
0.427143 0.755391 0.103363 0.567117 0.419039 0.39936 0.828069 0.177627 0.511412 0.80774 0.182853 0.0487285 0.68404 0.0774074 0.629951 0.238557 0.310214 0.116802 0.232996 0.887469 0.249097 0.497215 0.798462 0.911096 0.215653 0.317187 0.196587 0.523899 0.217725 0.758575 0.435863 0 0 0.3974 0.398922 0.362442 0.83759 0.847505 0.832857 0.382181 0.520208 0.534791 0.473434 0.64315 0.548822 0.351239 0.488487 0.705621 0.267957 0.287375 0.546332 0.513012 0.194775 0.728403 0.0457006 0.370984 0.287636 0.398865 0.81286 0.589109 0 0.762883 0.62288 0.796933 0.10669 0.0798103 0.456048 0.097165 0.766483 0.125703 0.0709099 0.228304 0.266767 0.294131 0.782677 0.218959 0.7586 0.845613 0.234815 0.365521 0.172948 0.291444 0.182491 0.656381 0.887286 0.361506 0.544693 0.782814 0.723252 0.636968 0.855463 0 0.532232 0.407838 0.177866 0.232181 0.30089 0.820302 0.723458 0.70926
0.396657 0.656577 0.32297 0 0.152872 0.604215 0.585344 0.422016 0.373745 0.56821 0.336067 0.252172 0.480304 0.220453 0.385837 0.503606 0.343424 0.268808 0.23937 0.653495 0.15778 0.246239 0.534763 0.840868 0.316348 0.236244 0.372823 0 0.110186 0.709739 0 0 0 0.132777 0.294543 0.367092 0.570935 0.78196 0.744581 0.532014 0.557533 0.499691 0.228851 0.399693 0.437365 0.360756 0.561198 0.638698 0.253613 0.484095 0.550562 0.284794 0.110991 0.61165 0.293004 0.200122 0.542654 0.132557 0.736079 0.370091 0.28738 0.741051 0.365933 0.572413 0.371138 0.266577 0.56139 0.297288 0.738724 0.382401 0 0.413511 0.464997 0.105285 0.568411 0.321914 0.494786 0.613972 0.197627 0.162497 0.32743 0.172085 0.126469 0.394628 0.621617 0.354466 0.474146 0.706556 0.603545 0.426503 0.602904 0.182603 0.457604 0.466063 0.189305 0.485806 0.25214 0.764949 0.589149 0.530292
0.418612 0.672483 0.44346 0.183632 0.0256295 0.73139 0.494427 0.554708 0.391518 0.481432 0.439784 0.378148 0.434105 0.353163 0 0.635351 0.444533 0.399378 0.315989 0.56988 0.225392 0.169788 0.415725 0.864369 0.436467 0.270286 0.50078 0.14923 0.205489 0.749398 0.317761 0.3974 0.132777 0 0.347262 0 0.443061 0.810077 0.762095 0.65 0.641973 0.559047 0.16872 0 0.406739 0.452201 0.65738 0.672915 0.316416 0.611803 0.62286 0.236437 0.236916 0.619648 0.420189 0.236405 0 0.0410906 0.760205 0.268383 0.183541 0.792158 0.235171 0 0 0.399043 0.667257 0.429486 0.787191 0.514984 0.45421 0.541286 0.593276 0.180604 0.507016 0.441936 0.376015 0.533939 0.271714 0.134393 0.432614 0.212717 0.253269 0.261959 0.497437 0.395535 0.518798 0.732321 0.610256 0.378608 0.499777 0.193022 0.501819 0.563339 0.311912 0.618582 0.298467 0.798957 0.587614 0.501182
0.687432 0.371383 0.498102 0.38875 0.344741 0.52135 0.507519 0.451037 0.114366 0 0.555283 0.421956 0.317114 0.321539 0.591894 0.565739 0.176404 0.304557 0.509416 0.544711 0.443827 0.277891 0.559189 0.54896 0.249771 0.5281 0.340658 0.484973 0.388114 0.415206 0.622047 0.398922 0.294543 0.347262 0 0.148998 0.634376 0.488839 0.45656 0.398202 0.306673 0.211954 0.248886 0.35165 0.729214 0.152553 0.339564 0.344766 0.532412 0.4232 0.277856 0.228663 0.240125 0.335196 0.443842 0.111185 0.562073 0.31041 0.444715 0.614291 0.530149 0.449193 0.542405 0.44589 0.491312 0.335474 0.371227 0.34623 0.445845 0.447439 0.403435 0.368374 0.413051 0.189643 0.419082 0.252296 0.525688 0.501884 0.474951 0.447082 0.544907 0.465149 0.241476 0.545983 0.657117 0.639232 0.179613 0.414779 0.328886 0.284736 0.558515 0.476803 0.163065 0.256602 0 0.514071 0.539452 0.470663 0.325402 0.319831
0.728592 0.405572 0.465648 0.529293 0.459872 0.380229 0.651601 0.354719 0.235838 0.6257 0.540808 0.3995 0.451849 0.292874 0.714334 0.4711 0.0553496 0 0.534347 0.682745 0.489754 0.419734 0.708019 0.5495 0.157516 0.577603 0 0.602707 0.432867 0.396136 0.685842 0.362442 0.367092 0 0.148998 0 0.781952 0.48575 0.476249 0.251421 0.190464 0.172796 0.389758 0.50051 0.799483 0.0115048 0.20217 0.345817 0.563624 0.293955 0.192469 0.376697 0.273934 0.390838 0.407436 0.238807 0.450457 0.425123 0.453407 0 0.638101 0.40385 0.671652 0.583201 0.431861 0.284791 0.22428 0.281617 0 0.368196 0.340645 0.252232 0.288053 0 0.551821 0.156845 0.674178 0.640419 0.509317 0.529505 0.530443 0.52075 0.266067 0.680813 0.805963 0.671759 0.195065 0.423748 0.388192 0.426612 0.705367 0.543456 0.186898 0 0.213409 0.410026 0.580417 0.457921 0.400017 0.436168
0.769274 0.770753 0.886183 0.27367 0.419756 1.12928 0.281366 0.98344 0 0.296704 0.875214 0.820953 0.4379 0.7852 0 1.07323 0.796837 0.820334 0.739575 0.35244 0 0.369412 0.0960211 0.948876 0.829107 0 0.909443 0.357956 0.64585 0.900073 0.646312 0.83759 0.570935 0.443061 0.634376 0.781952 0 0.917038 0.845951 1.02228 0.928321 0.798363 0.399515 0.298784 0.667368 0.783789 0.971532 0.822873 0.729579 1.0154 0.881764 0.405723 0.658677 0.708678 0.862742 0.551725 1.10583 0.438821 0.864067 0.415138 0.410774 0.968523 0.267652 0.37216 0.941828 0.828057 1.00553 0 0.956799 0.949765 0.889376 0.947715 0.99949 0.570212 0.414176 0.833906 0 0.34983 0.697988 0.528195 0.869078 0.627518 0.674669 0.218334 0.0706299 0.775649 0.732762 0.846293 0.698248 0.415831 0.217865 0.591114 0.719504 0.890968 0.720949 1.04941 0.700158 0.925099 0.658525 0.522535
1.17627 0.148426 0.950857 0.771733 0 0.750518 0.661642 0.822562 0.418604 0.637997 1.02276 0.882286 0.480282 0.775481 1.0117 0.933953 0.539791 0.733461 0 0.6312 0 0.678403 0.821487 0.0638432 0.640873 1.01679 0.706593 0.923144 0.876705 0.095602 1.10726 0.847505 0.78196 0.810077 0.488839 0.48575 0.917038 0 0.0759922 0.618948 0.380379 0.312959 0.660891 0.636144 1.21039 0.497137 0.449864 0.144855 1.02002 0 0.323644 0.601343 0.724281 0.210439 0.89278 0.585468 0.893049 0.769372 0.0535548 1.05981 0.981601 0.14476 0.947779 0.561319 0.91586 0.77049 0.51824 0.766682 0.12907 0.846651 0.825162 0.709106 0.725758 0.67668 0.51511 0.639303 0.806953 0.60611 0.962777 0.926852 1.01231 0.953506 0.722598 0.931609 0.901919 1.12746 0.311901 0.0780742 0.221052 0 0.735866 0 0.327394 0.475965 0.685389 0.866223 1.0282 0.0386604 0.259055 0.394507
1.14095 0.0896119 0.935975 0.711394 0.749959 0.773012 0.587268 0.824008 0.37353 0.563976 1.00337 0.864552 0.411148 0 0.95298 0.937978 0.531467 0.721748 0.965975 0.555448 0 0.622519 0.750146 0.106118 0.633652 0.980694 0.706062 0.868419 0.84367 0.128847 0 0.832857 0.744581 0.762095 0.45656 0.476249 0.845951 0.0759922 0 0.637534 0.40015 0.306519 0.607093 0.569811 1.16612 0.487753 0.472693 0.133115 0.988694 0.732748 0.336782 0.54495 0.695967 0.146773 0.878501 0.54529 0.903038 0.721078 0.038211 1.00524 0.928958 0.199545 0.887624 0 0.907987 0.758129 0.54154 0 0.182756 0.843252 0 0.712908 0 0.639857 0.440904 0.632727 0.736956 0.53086 0.931172 0.88335 0.992899 0.916665 0.695923 0.869158 0.828937 1.09495 0.288521 0.0575151 0.157171 0.446486 0.661542 0.922885 0.301967 0.484047 0.664351 0.872025 0.994243 0.101337 0.191409 0.324162
0.808165 0.590223 0.463247 0.75906 0 0.138722 0.903015 0.254807 0.485248 0.877084 0.554442 0.430825 0.701534 0.353225 0.912898 0.342054 0.22585 0.287622 0.610618 0.932736 0.602208 0.653955 0.953188 0.679589 0.215693 0.683704 0.186031 0.798842 0.553043 0.523636 0.802395 0.382181 0.532014 0.65 0.398202 0.251421 1.02228 0.618948 0.637534 0 0.238769 0.351311 0.623646 0.749169 0.918177 0.246159 0.170238 0.507156 0.645086 0.120524 0.300882 0.621057 0.421224 0.595745 0.41301 0.470668 0.283654 0.628137 0.605196 0.901909 0.81936 0.492571 0 0.833184 0.387922 0.313593 0.105347 0 0.502911 0.303274 0.320835 0.155418 0.134612 0.473785 0.800188 0.210123 0.917881 0.890672 0.6029 0.684906 0.545845 0.641996 0.40638 0 0 0 0.407374 0.580079 0.596243 0.677942 0.956374 0.676853 0.406747 0.167392 0.342761 0.272093 0.674002 0.582751 0.618356 0.678301
0.912395 0.360108 0.619482 0.694425 0.643624 0.372892 0.754309 0.455391 0.341356 0.727418 0.703017 0.563393 0.54169 0.461024 0.895666 0.561256 0.22363 0.404024 0.715264 0.76672 0.677048 0.58351 0.845753 0.441547 0.304875 0.764795 0 0.786076 0.620615 0.284946 0.874966 0.520208 0.557533 0.641973 0.306673 0.190464 0.928321 0.380379 0.40015 0.238769 0 0.145098 0.555043 0.633125 0.989146 0.197334 0.0734626 0.272313 0.74614 0.343539 0.0683712 0.526923 0.462754 0.375962 0.562015 0.413683 0.514684 0.608778 0.366971 0.910155 0.825108 0.259658 0.848447 0.669865 0.566203 0.440474 0.141796 0.427128 0.268153 0.488507 0.480409 0.340515 0.349522 0.465567 0.630187 0.301333 0.816026 0.727393 0.693593 0 0.693027 0.709475 0.453734 0.852645 0.942264 0.853309 0.214483 0.342637 0.37858 0.534208 0.817802 0.733392 0.221996 0.112689 0.396701 0.491981 0.76556 0.344588 0 0.496022
0.882821 0.243929 0.638104 0.580679 0.55568 0.490031 0.611496 0.517665 0.208969 0.584582 0.711525 0 0.398361 0.463677 0.798382 0.632151 0.227097 0.420502 0.694214 0.621858 0.639763 0.471462 0.712377 0.376704 0.328751 0.726611 0.399562 0.694243 0.582703 0.224367 0.827171 0.534791 0.499691 0.559047 0.211954 0.172796 0.798363 0.312959 0.306519 0.351311 0.145098 0 0.445379 0.500247 0 0.184197 0.211278 0.174274 0.721225 0.432811 0.0850109 0.406444 0.424896 0.244439 0.579963 0.322665 0.600747 0.521657 0.281616 0.825309 0.741533 0.242244 0.744838 0 0.603802 0.457539 0.272647 0.454056 0.241481 0.537082 0.512809 0.407525 0.432613 0.397261 0.485294 0.327472 0.68483 0.582798 0.665031 0.656754 0.701105 0.665879 0.420675 0.742906 0.807541 0.829589 0.0699856 0.252365 0.245019 0.394602 0.676529 0.682046 0.0799359 0.186287 0.377074 0.567078 0.733773 0.285674 0.269156 0.350937
0.585281 0.517954 0.5456 0.14002 0.150081 0.730045 0.357945 0.597166 0.250085 0.339877 0.564862 0.470379 0.266153 0.408575 0.356756 0.696776 0 0.432175 0.461088 0.424664 0.372418 0.0303222 0.338585 0.711584 0.430645 0.43204 0.513586 0.262281 0.335408 0.609787 0.486477 0.473434 0.228851 0.16872 0.248886 0.389758 0.399515 0.660891 0.607093 0.623646 0.555043 0.445379 0 0.171824 0.572662 0.390102 0.587463 0.530833 0.468711 0.617324 0.520865 0.0678308 0.280177 0.461732 0.507861 0.153252 0.719124 0.130053 0.609189 0.398923 0.32191 0.661482 0.299851 0.344907 0.580075 0.446188 0.613872 0.471203 0.654229 0.570957 0.512864 0.550787 0.602066 0.182273 0.344729 0.435306 0.300516 0.385169 0.41717 0.30255 0.556135 0.37024 0.294432 0.298416 0.434287 0.557496 0.392218 0.582838 0.45185 0.210615 0.38204 0.357879 0.375903 0.500712 0 0.663939 0.45704 0.654042 0.425743 0.332746
0.731832 0.487766 0.717334 0.168594 0.29247 0.86765 0.186122 0.757124 0.292382 0.168568 0.735667 0.641801 0.162908 0.5757 0.403355 0.861171 0.524493 0.592952 0.626514 0.255097 0.536392 0.154074 0.212658 0.675515 0.576454 0.586937 0 0.348224 0.50389 0.608757 0.622447 0.64315 0.399693 0 0.35165 0.50051 0.298784 0.636144 0.569811 0.749169 0.633125 0.500247 0.171824 0 0.691914 0.504179 0.680505 0.530074 0.630843 0.761474 0.584167 0.135105 0.448688 0.42572 0.678735 0.293281 0.877637 0.285931 0.582592 0.475841 0.417361 0.674164 0.3334 0.186058 0.74953 0.610599 0.71995 0.633549 0.663269 0 0.678812 0.698839 0.74825 0.349435 0.199988 0.580482 0.184833 0.217629 0.582158 0.447932 0.727104 0.528629 0.462067 0.305874 0.309323 0.712048 0.434089 0.561647 0.415104 0.123903 0.215937 0.509232 0.421045 0.605444 0.49038 0 0.614903 0.639475 0.378436 0.250252
0.164991 1.07665 0.50904 0.525424 0.422766 0.948151 0.84133 0.722135 0.793037 0.836475 0.433777 0.502105 0.831946 0.564956 0.348841 0.742386 0.768052 0.630568 0.317342 0.923902 0.317702 0.56718 0.69648 1.26673 0.71358 0.234531 0.734773 0.347602 0.371369 1.14326 0 0.548822 0.437365 0.406739 0.729214 0.799483 0.667368 1.21039 1.16612 0.918177 0.989146 0 0.572662 0.691914 0 0.791962 0.983717 1.06965 0.282723 0.834997 0.986852 0.640274 0.526541 1.02536 0.53447 0.625587 0.813731 0.447697 1.162 0.252232 0.278635 1.17774 0.406535 0.875872 0.600581 0.606163 0.971641 0.635168 1.17491 0.665642 0.619126 0.771522 0 0.540138 0.891618 0.718818 0.665469 0.895652 0.316193 0.283566 0.436033 0 0.536398 0.45535 0.737633 0.220212 0.908226 1.13336 1.01614 0.777346 0 0.25623 0.891418 0.889959 0.596992 0.765021 0.24796 1.19631 0.994276 0.904699
0.719519 0.416971 0.454408 0.529298 0.456609 0.373266 0.657237 0.343658 0.243213 0.631453 0.529889 0.388557 0.458831 0.282015 0.711391 0.4601 0.0438975 0.236352 0.524796 0.689496 0.481319 0 0.710792 0.560897 0 0.569168 0.225112 0.599384 0.424539 0.40737 0.678052 0.351239 0.360756 0.452201 0.152553 0.0115048 0.783789 0.497137 0.487753 0.246159 0.197334 0.184197 0.390102 0.504179 0.791962 0 0.205255 0.357306 0.554301 0.284935 0.202093 0.379028 0.26591 0 0.396179 0.23826 0.440206 0.421938 0.464895 0.718776 0.633725 0.414405 0.669632 0.589991 0.420359 0 0.223846 0.270132 0.416866 0.356776 0.329147 0.241914 0 0.27263 0.559158 0.145392 0.676611 0.64707 0.500247 0.523244 0.519534 0.512776 0.257611 0.679614 0.808739 0.662345 0.206296 0.435244 0.399142 0.432535 0.710226 0.536095 0.197909 0.112445 0.203862 0.399331 0.571533 0.469198 0.410561 0.44478
0.895967 0.433524 0 0.727479 0.661826 0 0.811496 0.402981 0.392629 0.784719 0.670594 0.534186 0.600482 0.437016 0.916465 0.503335 0.217893 0.37544 0.696957 0.828383 0.667549 0.616921 0 0.509882 0.27855 0.754403 0.302957 0.804622 0.612513 0.354983 0.868236 0.488487 0.561198 0.65738 0.339564 0.20217 0.971532 0.449864 0.472693 0.170238 0.0734626 0.211278 0.587463 0.680505 0.983717 0.205255 0 0.345673 0.729303 0.282015 0.141266 0.566587 0.459077 0.448159 0.527659 0.43935 0.451445 0.627126 0.438932 0.923425 0.838442 0.32244 0.87355 0.730413 0.522594 0.410077 0.0688718 0.392365 0.332673 0.44153 0.441225 0.289562 0.290585 0.477436 0 0.274099 0.860808 0.788208 0.679389 0.723231 0.660953 0.702677 0.44797 0.881641 0.989628 0.834555 0.278203 0.415216 0.450414 0.58847 0.872628 0.730262 0.283258 0.0951407 0.386735 0.433339 0.751905 0.413219 0.478284 0.560386
