100
0 0 0.367809 0 0.44106 0 0 0.590153 0 0.890853 0.283706 0.37847 0.851425 0 0.458878 0.595085 0 0.525573 0.199381 0.979813 0 0 0 1.23609 0.618147 0.160436 0.622141 0 0.300475 0 0 0.427143 0 0 0.687432 0.728592 0.769274 0 1.14095 0 0 0 0.585281 0.731832 0 0.719519 0 1.03207 0.166685 0 0.920775 0.651897 0.458149 0 0.403512 0.596715 0 0 0 0 0 0 0 0.917656 0 0 0.874099 0.521108 0 0 0.49393 0.655365 0 0.501096 0.925422 0 0 0.946578 0 0 0 0.224896 0.463638 0.550984 0 0 0.865757 1.10178 0 0 0 0.227684 0.849668 0 0.516159 0.625506 0.149048 0 0.984043 0.91366
0 0 0.857989 0.624646 0.660384 0 0.522112 0 0 0.497455 0.922538 0.785062 0.333107 0 0 0 0 0.646814 0.88035 0.499939 0.811313 0 0 0.193762 0.56271 0 0.639829 0 0 0.143156 0.97704 0 0 0 0.371383 0.405572 0 0 0.0896119 0 0.360108 0 0.517954 0 0 0 0.433524 0 0.902344 0.676639 0.292561 0 0 0 0.801091 0 0.844593 0.631466 0.0948771 0 0.839728 0.220844 0 0.422303 0.834806 0.682533 0 0 0 0.773736 0.743501 0.650336 0 0 0.375961 0.562295 0.659854 0 0 0 0 0 0.612184 0.783756 0 1.00808 0 0 0 0 0.595859 0.834117 0.223337 0.428957 0.583775 0.809988 0.906982 0 0 0.248822
0.367809 0.857989 0 0.622996 0 0.45538 0 0 0.609065 0 0 0 0 0 0.648636 0 0 0.218862 0.197389 0.967104 0.250225 0 0.856453 0 0 0 0.283448 0 0.241739 0.861777 0 0 0 0.44346 0.498102 0.465648 0.886183 0 0.935975 0.463247 0 0 0.5456 0.717334 0 0.454408 0.583659 0.808962 0.22952 0.355872 0.648128 0.592134 0 0 0.0582928 0 0.304802 0 0.916171 0 0.532194 0 0.652695 0 0 0 0 0.192403 0.868948 0.167871 0 0 0 0.374413 0.868745 0 0 0.926053 0 0.380267 0.0839708 0.289184 0 0 0 0 0.64767 0 0.824465 0 0 0 0.635016 0 0.276941 0 0.267922 0.923556 0.823397 0.802967
0 0.624646 0.622996 0 0.158183 0 0 0.709806 0 0 0 0 0.32292 0.512174 0.24263 0 0.536273 0.546703 0 0.403245 0.408044 0 0 0.817407 0.559067 0 0 0 0 0.730156 0 0.567117 0.301863 0 0.38875 0 0.27367 0 0.711394 0.75906 0 0 0.14002 0 0 0.529298 0.727479 0 0 0 0 0.176634 0 0.564663 0 0.291298 0 0.169586 0 0.308294 0 0 0.176238 0 0.67255 0.554577 0.753143 0.582542 0 0 0.616661 0.675937 0.727955 0 0.368309 0.564041 0 0.372021 0 0.299721 0 0.391186 0 0.163489 0 0 0 0 0.554229 0.273421 0 0 0.508012 0.640376 0.447772 0 0 0.769335 0.522138 0.40605
0.44106 0.660384 0 0.158183 0 0.745728 0 0 0 0 0.465127 0 0 0.372287 0.255171 0.656431 0.451349 0 0.341596 0 0.251012 0 0 0 0.448729 0.294603 0 0.142841 0.230565 0 0 0.419039 0.152872 0.0256295 0 0.459872 0 0.799659 0 0 0.643624 0.55568 0 0 0.422766 0 0 0 0 0 0 0.217871 0.252798 0.606431 0 0.233565 0 0 0.749226 0 0 0.78612 0.221145 0 0 0 0.674256 0 0 0 0 0 0.608383 0.188063 0.484375 0 0 0 0 0.156461 0 0.237826 0.269235 0.244345 0 0.419583 0 0.721724 0 0 0.474163 0.216772 0 0.568459 0 0 0 0 0.572978 0.482748
0 0 0.45538 0 0.745728 0 0 0.230541 0 0 0.545771 0 0 0 0 0 0.345002 0 0.631576 0 0.642892 0.759984 0 0 0.300931 0 0 0.876968 0 0 0 0 0.604215 0 0.52135 0 0 0 0 0 0 0.490031 0 0.86765 0.948151 0.373266 0 0 0 0 0.437361 0.735845 0 0.734461 0.416953 0 0.195003 0.71543 0 0.967049 0.888069 0.618723 0.966371 0 0.366878 0.350809 0 0.319439 0.630344 0.287917 0.329097 0.190724 0 0 0 0 1.0291 0 0.633614 0.743761 0.538953 0 0 0 1.16294 0 0.545535 0.715497 0.734961 0.805066 1.07887 0.724247 0 0.305608 0 0 0.700194 0 0.756835 0
0 0.522112 0 0 0 0 0 0.935408 0.421245 0.0269138 0 0.827718 0.213266 0 0.516711 1.04216 0.683921 0.772717 0 0.0833389 0.717982 0 0 0 0.747323 0.762667 0.837155 0 0 0 0.785325 0 0.585344 0.494427 0.507519 0.651601 0 0 0.587268 0.903015 0 0.611496 0 0.186122 0.84133 0.657237 0 0.589701 0.810763 0 0 0 0 0.462676 0.86432 0 1.05434 0.467397 0.610601 0.604302 0 0 0.447445 0 0 0.792433 0 0 0 0.916738 0 0 0 0.533962 0.146576 0.750893 0 0 0 0.62054 0 0.707074 0 0.405583 0.247312 0.886359 0.541568 0.597404 0 0.225377 0 0 0 0 0.670786 1.0017 0.792224 0 0.411536 0
0.590153 0 0 0.709806 0 0.230541 0.935408 0 0.563629 0.91247 0.315787 0 0.764387 0.201564 0.8 0.116658 0.300534 0 0.404794 0.984722 0 0.624626 0 0.885988 0.203803 0 0.118773 0.690735 0 0 0.610993 0 0.422016 0.554708 0 0 0 0 0.824008 0.254807 0.455391 0.517665 0.597166 0.757124 0.722135 0 0.402981 0 0 0.137231 0 0 0 0 0.188009 0.465754 0 0 0 0.764338 0.690527 0.714178 0.786999 0 0 0 0.351331 0 0 0 0.107493 0.114895 0.12045 0 0.866321 0 0 0 0 0 0.308706 0 0 0 0 0 0 0 0.742747 0 0.973038 0.51093 0.541567 0.348275 0 0.0668 0 0 0.752811 0.770333
0 0 0.609065 0 0 0 0.421245 0.563629 0 0.39476 0.661841 0 0.216316 0.434029 0 0.678959 0.276977 0.41892 0 0.447493 0 0.272564 0.504991 0.47378 0.360779 0.60983 0.450941 0.510276 0.477197 0 0.692622 0 0.373745 0 0 0 0 0 0.37353 0.485248 0.341356 0 0.250085 0.292382 0.793037 0 0.392629 0 0 0 0 0 0 0.237931 0 0 0.672181 0 0.369201 0 0 0.411488 0.548255 0.347937 0 0.449611 0 0 0 0 0 0.476024 0.517901 0.270835 0 0.362825 0 0.405445 0.565867 0.509941 0 0 0 0 0 0.727305 0.146566 0.34097 0 0.196452 0.4803 0.549794 0.131661 0.326905 0.333547 0.625675 0.625434 0 0.218975 0
0.890853 0.497455 0 0 0 0 0.0269138 0.91247 0.39476 0 0.90422 0.808475 0.186362 0.738154 0.517328 0 0 0.750277 0.794064 0 0 0.322573 0 0 0.723171 0 0.813219 0.488891 0.672295 0.635799 0.777219 0.80774 0 0.481432 0.482188 0 0 0 0.563976 0 0 0 0.339877 0 0 0.631453 0.784719 0.563936 0 0 0 0.294841 0 0.437632 0.844581 0 0 0 0.58664 0 0.557913 0 0.447368 0.0776707 0.913599 0 0.833213 0.791747 0.696134 0 0.839743 0 0 0.513638 0 0 0.206951 0 0.749649 0.609463 0.895636 0 0.625602 0.40727 0.267325 0 0.514654 0.572906 0.427889 0.199212 0 0 0.505636 0.721597 0.648632 0.978638 0.779776 0 0.386451 0
0.283706 0.922538 0 0 0.465127 0.545771 0 0.315787 0.661841 0.90422 0 0.141354 0.807927 0 0 0 0.490354 0.299173 0 0 0.221957 0.581896 0 1.08595 0.398282 0 0 0.526736 0.235157 0 0.336494 0 0 0 0 0 0 1.02276 0 0.554442 0 0.711525 0.564862 0.735667 0.433777 0.529889 0 0 0 0.447573 0.727762 0.618391 0 0 0 0 0 0.457818 0.98568 0 0.496895 0 0 0 0 0.262543 0 0 0.946567 0 0 0.39909 0 0.408443 0 0.401703 0 0.949821 0 0.351717 0 0.253095 0 0.670186 0 0 0 0 0 0 0.935444 0.295193 0.701401 0.590688 0 0.344048 0.207299 0 0.879589 0.8469
0.37847 0.785062 0 0 0 0 0.827718 0 0 0.808475 0.141354 0 0 0.106869 0.599327 0 0 0 0 0.890341 0.209459 0.492151 0.786933 0 0.258568 0.272195 0 0.496466 0.185743 0 0.390089 0.0487285 0 0 0.421956 0 0 0 0.864552 0 0.563393 0 0.470379 0 0 0.388557 0.534186 0.739257 0.220309 0 0.586635 0 0.199912 0.755163 0.0426873 0.381724 0 0.384413 0.845985 0 0 0.802227 0 0.80234 0 0.124109 0 0 0.805213 0.166113 0.117168 0.27703 0.315001 0 0.790792 0.262286 0.746957 0.849091 0.190398 0.332026 0.131032 0 0 0 0 0.312784 0.576034 0.815812 0 0.645005 0 0.294737 0.562818 0 0.201751 0 0.254202 0 0 0.724869
0.851425 0.333107 0 0.32292 0 0 0.213266 0.764387 0.216316 0.186362 0.807927 0 0 0.609216 0.563445 0.876848 0 0.608884 0 0 0 0 0 0 0.566105 0.697296 0.657118 0 0.590384 0.463295 0 0 0.480304 0.434105 0 0.451849 0 0.480282 0.411148 0.701534 0 0 0.266153 0.162908 0 0 0 0 0.73007 0 0 0.199959 0.494193 0 0 0 0.878202 0.396172 0 0.630638 0.565436 0 0.494293 0 0 0.634529 0.651272 0 0 0.754541 0.704382 0 0.729793 0 0.102098 0 0.326769 0.189398 0.676231 0.56838 0.798377 0 0.503743 0.468573 0.429396 0.822437 0 0.408492 0 0 0 0.62394 0.319722 0 0 0 0 0.487251 0.221241 0
0 0 0 0.512174 0.372287 0 0 0.201564 0.434029 0.738154 0 0.106869 0.609216 0 0 0.289432 0 0 0.261604 0.816256 0.249979 0.434055 0.740166 0.838847 0.158494 0.330482 0 0.490281 0.204539 0 0 0.0774074 0.220453 0 0 0.292874 0.7852 0.775481 0.758518 0 0.461024 0.463677 0 0 0 0 0 0.63262 0 0.278181 0 0.44343 0 0.651804 0.122427 0.296803 0.322544 0.347926 0 0.57104 0 0 0.585706 0 0.176994 0 0 0.0790333 0.698846 0.164666 0.104845 0 0.257805 0 0 0.162922 0.700607 0.774079 0 0 0.237605 0.29078 0.114143 0.615077 0.831461 0 0.470037 0.709344 0 0.563199 0.789883 0 0 0.350442 0 0.265724 0 0 0 0.63251
0.458878 0 0.648636 0.24263 0.255171 0 0.516711 0.8 0 0.517328 0 0.599327 0.563445 0 0 0.866387 0.706459 0.653895 0.470529 0.599954 0.398764 0 0.353286 1.05883 0 0 0.758657 0 0.413686 0.965433 0 0 0 0 0 0.714334 0.318543 1.0117 0.95298 0.912898 0.895666 0 0.356756 0 0 0.711391 0 0.886081 0.451626 0.869925 0 0 0.495768 0 0 0.482263 0.916734 0.289597 0 0.0966157 0.117277 1.01823 0.070735 0.570837 0.722465 0.648008 0.929367 0 0 0.754196 0 0 0 0 0.596821 0 0 0.578232 0 0.268529 0.6103 0 0 0.112133 0 0.474937 0 0 0.795847 0.515535 0 0.319103 0 0.823442 0 0.860437 0.416335 0 0 0.647989
0.595085 0 0 0 0.656431 0 1.04216 0.116658 0.678959 0 0 0 0.876848 0.289432 0.866387 0 0.417107 0.269798 0 0 0.475037 0 0 0 0.320171 0 0.235004 0 0 0.838926 0.638475 0 0.503606 0.635351 0.565739 0.4711 1.07323 0 0.937978 0 0 0 0.696776 0 0 0.4601 0 0 0.46404 0 0 0.72707 0.418075 0 0.225511 0.573185 0 0 0 0.820023 0.752501 0.82091 0.861269 0 0 0 0.44536 0 0.829076 0.125887 0.184589 0 0 0 0 0 0.990024 0 0 0 0 0.516264 0.403004 0 1.12063 0.529531 0.665836 0.882446 0 0 1.07653 0 0.657992 0.458098 0.37138 0 0 0.900675 0 0
0 0 0 0.536273 0.451349 0.345002 0.683921 0.300534 0.276977 0 0.490354 0 0 0 0.706459 0.417107 0 0.194366 0.492184 0.719867 0 0.429437 0 0 0.102203 0.541627 0 0 0.397946 0.449227 0 0 0 0 0 0.0553496 0 0 0 0 0.22363 0 0 0 0.768052 0.0438975 0.217893 0.400709 0.522715 0 0.238028 0 0 0 0.354757 0 0.399588 0 0.508281 0.707984 0.62327 0.453197 0 0.620645 0.376868 0.231632 0.222909 0.226962 0.456412 0.312884 0 0 0 0 0.591642 0 0 0 0 0 0 0.487454 0 0.681534 0 0.630159 0 0.478714 0.442253 0.460749 0 0 0 0.122861 0.173131 0.357287 0 0.51125 0 0.481448
0.525573 0.646814 0.218862 0.546703 0 0 0.772717 0 0.41892 0.750277 0.299173 0 0.608884 0 0.653895 0.269798 0.194366 0 0.326396 0.824573 0.31496 0.459708 0 0.797197 0 0 0.107955 0.541682 0 0.643502 0.514775 0 0.268808 0 0.304557 0 0 0.733461 0 0.287622 0.404024 0 0.432175 0.592952 0 0.236352 0.37544 0 0.360195 0 0 0.458291 0 0.623773 0.160583 0 0 0.38881 0 0.629375 0 0.646298 0.634201 0 0 0.0373111 0.348687 0 0 0 0.0991562 0.14799 0 0.251476 0.710113 0 0.730211 0.781874 0.315718 0.406662 0.289112 0 0 0.660548 0.86282 0.4622 0.435027 0 0.619365 0 0 0.3918 0 0.292007 0 0.23178 0 0 0 0
0.199381 0.88035 0.197389 0 0.341596 0.631576 0 0.404794 0 0.794064 0 0 0 0.261604 0.470529 0 0.492184 0.326396 0 0.881559 0 0 0.7263 1.05686 0.418871 0 0 0 0 0.915399 0.20781 0 0.23937 0.315989 0 0.534347 0 0 0 0.610618 0.715264 0.694214 0 0 0 0 0.696957 0.850652 0.0349652 0.520327 0.726808 0 0 0 0 0 0 0 0 0.405243 0.353418 0.934864 0 0 0 0 0 0 0.93533 0.348354 0 0.45949 0 0 0.804916 0.423588 0.687309 0 0 0 0.14105 0 0 0 0 0.138054 0.683597 0 0.832833 0 0.815757 0 0.668186 0.607613 0.320951 0 0.0709212 0.974169 0.821943 0.769388
0.979813 0.499939 0.967104 0.403245 0 0 0.0833389 0.984722 0.447493 0 0 0.890341 0 0.816256 0.599954 0 0.719867 0.824573 0.881559 0 0.791342 0 0.267033 0.648155 0 0.839482 0.881695 0 0.758783 0 0 0.887469 0.653495 0 0.544711 0.682745 0.35244 0 0.555448 0 0.76672 0 0 0.255097 0.923902 0 0 0.576304 0 0.9679 0.704873 0 0 0 0 0.521596 1.10144 0 0.582597 0 0 0 0.530767 0.0995646 0 0 0 0.86647 0 0.969848 0 0.911916 0 0 0.136573 0 0.280024 0 0.837183 0 0.980783 0 0 0.488676 0 0.963886 0 0.573157 0.435762 0 0 0 0 0 0.724096 1.05031 0 0 0 0.273436
0 0.811313 0.250225 0.408044 0.251012 0.642892 0.717982 0 0 0 0.221957 0.209459 0 0.249979 0.398764 0.475037 0 0.31496 0 0.791342 0 0 0 0 0.395878 0 0 0 0.0571711 0 0 0 0.15778 0.225392 0.443827 0 0.653683 0 0.898522 0 0 0 0 0.536392 0 0 0 0 0 0 0.680797 0 0.216421 0 0 0.3567 0.53389 0 0.888285 0 0 0 0.407014 0.716681 0.328707 0 0 0.324293 0.881067 0 0.319411 0 0.505265 0 0 0 0.598025 0.753844 0.0463232 0.131363 0.216419 0.0423533 0 0.448558 0.713372 0.197172 0.621912 0 0.760106 0 0.725168 0.0853152 0 0.574633 0.281309 0 0 0.913603 0 0
0 0 0 0 0 0.759984 0 0.624626 0.272564 0.322573 0.581896 0.492151 0 0.434055 0 0 0.429437 0.459708 0 0 0 0 0 0.727652 0 0.438242 0.542661 0.24605 0 0 0 0.497215 0 0 0 0.419734 0 0.678403 0.622519 0 0 0 0 0.154074 0.56718 0.420195 0.616921 0.550964 0 0 0.548057 0.0776198 0.305328 0.476337 0.530446 0 0.746771 0 0 0 0 0 0.275707 0.333763 0 0.472664 0.643914 0 0 0 0 0 0 0 0 0.465009 0 0.370718 0.428878 0.304061 0.573431 0.377982 0.320015 0.271469 0 0 0 0 0.466249 0.210676 0 0 0 0 0.357789 0.691348 0 0.672943 0.43822 0.337892
0 0 0.856453 0 0 0 0 0 0.504991 0 0 0.786933 0 0.740166 0.353286 0 0 0 0.7263 0.267033 0 0 0 0.852918 0.768257 0.662454 0.852124 0 0 0 0 0.798462 0 0 0.559189 0 0.0960211 0 0 0.953188 0.845753 0.712377 0 0 0 0 0 0.729477 0 0 0.796553 0 0.611666 0.613597 0 0 0 0.40291 0 0.447653 0 0 0 0.277361 0 0 0.92978 0 0 0.904475 0 0.889081 0 0 0.318636 0.772774 0 0 0.682997 0 0.848239 0.616334 0 0.242165 0 0.778979 0 0.751201 0.603211 0.324153 0.136299 0 0 0 0 1.00052 0 0 0.563249 0
1.23609 0.193762 0 0.817407 0 0 0 0.885988 0.47378 0 1.08595 0 0 0.838847 1.05883 0 0 0.797197 1.05686 0.648155 0 0.727652 0.852918 0 0.704714 0 0 0 0 0 1.16493 0.911096 0.840868 0.864369 0.54896 0.5495 0 0.0638432 0 0.679589 0 0.376704 0 0 1.26673 0.560897 0 0 0 0.783885 0 0 0 0.252745 0.956407 0.643109 0 0 0 0 0 0 0.993644 0 0.979703 0.834203 0.577833 0.830506 0.181428 0 0 0 0 0.735676 0 0.703146 0 0.626568 1.02359 0 1.07549 0 0 0.975273 0 1.1881 0.373595 0 0 0 0 1.02088 0 0 0.748198 0 0 0.0969738 0 0
0.618147 0.56271 0 0.559067 0.448729 0.300931 0.747323 0.203803 0.360779 0.723171 0.398282 0.258568 0.566105 0.158494 0 0.320171 0.102203 0 0.418871 0 0.395878 0 0.768257 0.704714 0 0.480916 0.0910128 0 0.34349 0 0.597501 0 0.316348 0.436467 0.249771 0 0.829107 0.640873 0.633652 0 0 0.328751 0 0 0.71358 0 0 0 0 0.186726 0 0 0 0.545292 0.258484 0.284022 0.312313 0 0 0 0.60372 0 0 0.693096 0.275077 0.135843 0.258246 0 0.553225 0.211232 0.184304 0 0 0 0 0 0.73081 0 0.403385 0.470193 0.388243 0 0 0.690034 0 0.556194 0 0.580734 0 0.530154 0 0.465878 0.341816 0.193008 0.127069 0 0.475864 0 0 0
0.160436 0 0 0 0.294603 0 0.762667 0 0.60983 0 0 0.272195 0.697296 0.330482 0 0 0.541627 0 0 0.839482 0 0.438242 0.662454 0 0.480916 0 0.500302 0 0.144844 0 0 0.317187 0 0 0.5281 0.577603 0 1.01679 0 0.683704 0 0.726611 0.43204 0 0.234531 0.569168 0 0 0 0.601521 0.768558 0 0 0 0.308109 0 0 0 0.971622 0 0.26674 0.968852 0.40575 0 0 0 0.739159 0 0.967717 0 0 0 0 0 0 0 0 0 0.0824783 0 0.236248 0.0646028 0 0 0 0.125587 0 0.941955 0 0.641923 0 0.0790694 0.690757 0.661866 0 0 0.0341891 0.998594 0 0
0.622141 0.639829 0.283448 0 0 0 0.837155 0.118773 0.450941 0.813219 0 0 0.657118 0 0.758657 0.235004 0 0.107955 0 0.881695 0 0.542661 0.852124 0 0.0910128 0.500302 0 0 0.37532 0.612719 0 0.196587 0 0 0.340658 0 0.909443 0 0.706062 0 0.34699 0.399562 0 0.664327 0.734773 0.225112 0 0 0.459453 0.111274 0.387207 0 0.263916 0.626932 0.229997 0 0.221453 0.486526 0.680111 0.736697 0.657036 0.602899 0 0.783994 0 0.12864 0.262524 0.101059 0.609235 0 0.139735 0 0.0925018 0 0 0 0 0 0.418735 0.514466 0 0 0 0 0.947747 0.55712 0 0 0 0 0.87963 0.499344 0 0.236233 0.190864 0.175599 0.489139 0 0.634999 0.657589
0 0 0 0 0.142841 0.876968 0 0.690735 0.510276 0.488891 0.526736 0.496466 0 0.490281 0 0 0 0.541682 0 0 0 0.24605 0 0 0 0 0 0 0.311308 0 0 0.523899 0 0.14923 0 0.602707 0.357956 0 0.868419 0 0 0 0 0.348224 0 0 0 0 0.373455 0 0 0.323668 0.382294 0.722364 0.539139 0 0 0 0.871328 0.136822 0.0694599 0.919936 0 0 0 0 0 0 0 0.64669 0.586512 0.686342 0.73795 0.329357 0.548079 0 0 0 0.347123 0 0.521701 0 0 0.144075 0.423119 0 0.647671 0 0.71229 0 0.477114 0.235152 0 0 0 0.752386 0 0.91617 0 0.577603
0.300475 0 0.241739 0 0.230565 0 0 0 0.477197 0.672295 0.235157 0.185743 0.590384 0.204539 0.413686 0 0.397946 0 0 0.758783 0.0571711 0 0 0 0.34349 0.144844 0.37532 0.311308 0 0 0 0.217725 0 0.205489 0 0.432867 0 0.876705 0.84367 0.553043 0 0.582703 0 0 0 0.424539 0.612513 0 0 0 0.623715 0.393934 0 0.714727 0.228292 0 0.505361 0 0.832799 0.371816 0 0.824868 0.412188 0 0 0 0 0.281878 0 0.343215 0.285326 0 0 0.206486 0 0.348837 0.581443 0 0.0888517 0 0.227603 0.0904192 0 0.449761 0.702197 0.251287 0.565615 0.802889 0 0.536413 0 0 0.549652 0 0.225817 0 0 0 0.694749 0
0 0.143156 0.861777 0.730156 0 0 0 0 0 0.635799 0 0 0.463295 0 0.965433 0.838926 0.449227 0.643502 0.915399 0 0 0 0 0 0 0 0.612719 0 0 0 1.03716 0 0 0.749398 0 0.396136 0 0 0 0.523636 0 0.224367 0 0.608757 1.14326 0.40737 0.354983 0 0 0 0 0.555192 0.644569 0 0 0.518132 0.797485 0.709435 0 1.00662 0.926002 0 0 0 0.823879 0.680703 0 0 0.0622317 0 0 0 0 0.604802 0 0.547536 0 0 0 0 0 0 0.641649 0.892731 0.892262 0 0 0 0.208138 0 0.734194 0.891969 0 0.380835 0 0.770996 0.951597 0 0 0.383841
0 0.97704 0 0 0 0 0.785325 0.610993 0.692622 0.777219 0.336494 0.390089 0 0 0 0.638475 0 0.514775 0.20781 0 0 0 0 1.16493 0.597501 0 0 0 0 1.03716 0 0.435863 0.327915 0.317761 0.622047 0.685842 0.646312 0 0 0.802395 0.874966 0.827171 0 0 0.116096 0.678052 0 0 0.174507 0 0.874525 0.554191 0 0 0 0.52188 0 0.357305 1.06004 0 0 0 0 0.808451 0 0.490948 0 0.520301 0 0 0 0.656576 0.70009 0 0 0 0 0 0.201649 0 0.337068 0 0 0 0.71444 0.145204 0.801616 0 0.919169 0.695842 0.773388 0 0 0 0 0 0 0 0 0
0.427143 0 0 0.567117 0.419039 0 0 0 0 0.80774 0 0.0487285 0 0.0774074 0 0 0 0 0 0.887469 0 0.497215 0.798462 0.911096 0 0.317187 0.196587 0.523899 0.217725 0 0.435863 0 0.266702 0.3974 0.398922 0.362442 0.83759 0.847505 0 0 0 0.534791 0.473434 0.64315 0 0.351239 0 0.705621 0 0.287375 0.546332 0.513012 0.194775 0.728403 0 0 0.287636 0.398865 0.81286 0 0 0.762883 0 0 0 0 0.456048 0.097165 0 0 0 0.228304 0.266767 0.294131 0 0 0.7586 0.845613 0 0.365521 0.172948 0 0 0.656381 0 0 0.544693 0.782814 0.723252 0.636968 0 0 0.532232 0.407838 0.177866 0 0 0 0 0
0 0 0 0.301863 0.152872 0.604215 0.585344 0.422016 0.373745 0 0 0 0.480304 0.220453 0 0.503606 0 0.268808 0.23937 0.653495 0.15778 0 0 0.840868 0.316348 0 0 0 0 0 0.327915 0.266702 0 0.132777 0 0.367092 0.570935 0.78196 0 0 0.557533 0 0.228851 0 0 0 0 0 0.253613 0 0 0 0.110991 0.61165 0.293004 0 0 0 0 0 0 0.741051 0.365933 0 0.371138 0 0.56139 0 0.738724 0 0 0.413511 0.464997 0.105285 0 0 0.494786 0.613972 0.197627 0 0 0 0.126469 0.394628 0.621617 0 0 0.706556 0 0 0.602904 0.182603 0.457604 0.466063 0 0 0 0.764949 0 0
0 0 0.44346 0 0.0256295 0 0.494427 0.554708 0 0.481432 0 0 0.434105 0 0 0.635351 0 0 0.315989 0 0.225392 0 0 0.864369 0.436467 0 0 0.14923 0.205489 0.749398 0.317761 0.3974 0.132777 0 0.347262 0.45607 0 0 0.762095 0 0 0 0.16872 0 0.406739 0.452201 0 0.672915 0.316416 0 0 0.236437 0.236916 0.619648 0 0.236405 0.67543 0 0 0.268383 0 0.792158 0.235171 0 0.499926 0.399043 0.667257 0 0.787191 0 0.45421 0.541286 0 0 0 0.441936 0.376015 0 0.271714 0 0.432614 0 0 0 0 0 0.518798 0.732321 0.610256 0 0 0 0 0.563339 0 0 0.298467 0.798957 0 0.501182
0.687432 0.371383 0.498102 0.38875 0 0.52135 0.507519 0 0 0.482188 0 0.421956 0 0 0 0.565739 0 0.304557 0 0.544711 0.443827 0 0.559189 0.54896 0.249771 0.5281 0.340658 0 0 0 0.622047 0.398922 0 0.347262 0 0.148998 0 0.488839 0 0.398202 0 0 0.248886 0.35165 0 0 0 0.344766 0 0.4232 0 0 0.240125 0.335196 0 0.111185 0 0.31041 0 0.614291 0 0.449193 0 0.44589 0.491312 0.335474 0 0 0 0.447439 0 0 0 0.189643 0 0.252296 0 0 0.474951 0 0 0 0.241476 0 0.657117 0.639232 0.179613 0 0.328886 0.284736 0 0.476803 0 0 0.221351 0 0 0 0 0.319831
0.728592 0.405572 0.465648 0 0.459872 0 0.651601 0 0 0 0 0 0.451849 0.292874 0.714334 0.4711 0.0553496 0 0.534347 0.682745 0 0.419734 0 0.5495 0 0.577603 0 0.602707 0.432867 0.396136 0.685842 0.362442 0.367092 0.45607 0.148998 0 0 0 0 0 0.190464 0 0.389758 0 0 0.0115048 0.20217 0.345817 0 0.293955 0 0.376697 0.273934 0 0 0.238807 0.450457 0 0.453407 0 0.638101 0 0 0.583201 0.431861 0.284791 0 0.281617 0 0 0.340645 0.252232 0.288053 0 0 0 0 0 0 0 0 0 0 0 0.805963 0 0.195065 0.423748 0 0 0.705367 0.543456 0.186898 0.111187 0.213409 0.410026 0 0.457921 0 0
0.769274 0 0.886183 0.27367 0 0 0 0 0 0 0 0 0 0.7852 0.318543 1.07323 0 0 0 0.35244 0.653683 0 0.0960211 0 0.829107 0 0.909443 0.357956 0 0 0.646312 0.83759 0.570935 0 0 0 0 0 0 1.02228 0 0.798363 0.399515 0 0 0 0 0 0.729579 1.0154 0 0.405723 0 0 0 0.551725 1.10583 0 0.864067 0 0 0.968523 0.267652 0.37216 0.941828 0.828057 0 0 0.956799 0.949765 0 0.947715 0 0.570212 0 0 0.114087 0.34983 0.697988 0.528195 0.869078 0 0 0.218334 0 0 0 0 0.698248 0.415831 0.217865 0 0 0 0 1.04941 0.700158 0 0 0.522535
0 0 0 0 0.799659 0 0 0 0 0 1.02276 0 0.480282 0.775481 1.0117 0 0 0.733461 0 0 0 0.678403 0 0.0638432 0.640873 1.01679 0 0 0.876705 0 0 0.847505 0.78196 0 0.488839 0 0 0 0.0759922 0.618948 0 0 0.660891 0.636144 1.21039 0 0 0.144855 0 0.721719 0 0 0 0 0.89278 0 0 0 0.0535548 0 0.981601 0.14476 0 0.561319 0.91586 0 0.51824 0.766682 0 0 0.825162 0 0 0.67668 0 0 0.806953 0.60611 0 0.926852 1.01231 0 0 0.931609 0.901919 1.12746 0 0 0.221052 0.512285 0.735866 0 0 0 0.685389 0 0 0.0386604 0.259055 0.394507
1.14095 0.0896119 0.935975 0.711394 0 0 0.587268 0.824008 0.37353 0.563976 0 0.864552 0.411148 0.758518 0.95298 0.937978 0 0 0 0.555448 0.898522 0.622519 0 0 0.633652 0 0.706062 0.868419 0.84367 0 0 0 0 0.762095 0 0 0 0.0759922 0 0 0 0.306519 0.607093 0 1.16612 0 0.472693 0 0.988694 0.732748 0.336782 0.54495 0 0 0 0.54529 0.903038 0.721078 0 0 0.928958 0 0.887624 0.486968 0.907987 0 0 0.757442 0 0 0.816685 0 0 0 0 0.632727 0.736956 0.53086 0 0 0 0.916665 0 0.869158 0.828937 0 0 0 0 0.446486 0 0.922885 0 0 0.664351 0 0 0 0.191409 0.324162
0 0 0.463247 0.75906 0 0 0.903015 0.254807 0.485248 0 0.554442 0 0.701534 0 0.912898 0 0 0.287622 0.610618 0 0 0 0.953188 0.679589 0 0.683704 0 0 0.553043 0.523636 0.802395 0 0 0 0.398202 0 1.02228 0.618948 0 0 0.238769 0 0.623646 0.749169 0 0.246159 0 0 0.645086 0 0.300882 0 0 0.595745 0 0.470668 0.283654 0.628137 0.605196 0 0 0 0 0.833184 0 0 0 0 0 0 0.320835 0 0.134612 0.473785 0.800188 0.210123 0 0 0.6029 0.684906 0 0.641996 0.40638 0 0 0 0 0 0.596243 0.677942 0.956374 0 0 0 0.342761 0.272093 0.674002 0 0 0.678301
0 0.360108 0 0 0.643624 0 0 0.455391 0.341356 0 0 0.563393 0 0.461024 0.895666 0 0.22363 0.404024 0.715264 0.76672 0 0 0.845753 0 0 0 0.34699 0 0 0 0.874966 0 0.557533 0 0 0.190464 0 0 0 0.238769 0 0.145098 0.555043 0 0.989146 0.197334 0 0 0.74614 0.343539 0 0 0 0 0.562015 0 0 0.608778 0 0 0.825108 0 0 0.669865 0 0 0 0.427128 0 0 0 0.340515 0 0 0.630187 0.301333 0.816026 0 0 0 0 0.709475 0 0 0.942264 0.853309 0.214483 0 0.37858 0 0.817802 0 0.221996 0.112689 0 0 0.76556 0.344588 0.407717 0.496022
0 0 0 0 0.55568 0.490031 0.611496 0.517665 0 0 0.711525 0 0 0.463677 0 0 0 0 0.694214 0 0 0 0.712377 0.376704 0.328751 0.726611 0.399562 0 0.582703 0.224367 0.827171 0.534791 0 0 0 0 0.798363 0 0.306519 0 0.145098 0 0 0.500247 0.936905 0 0 0.174274 0.721225 0.432811 0.0850109 0.406444 0.424896 0 0 0.322665 0.600747 0 0 0.825309 0 0.242244 0.744838 0.525413 0 0 0.272647 0 0 0 0 0 0 0.397261 0 0.327472 0 0.582798 0.665031 0 0 0 0 0.742906 0 0.829589 0 0 0.245019 0 0.676529 0 0.0799359 0.186287 0.377074 0 0.733773 0 0 0
0.585281 0.517954 0.5456 0.14002 0 0 0 0.597166 0.250085 0.339877 0.564862 0.470379 0.266153 0 0.356756 0.696776 0 0.432175 0 0 0 0 0 0 0 0.43204 0 0 0 0 0 0.473434 0.228851 0.16872 0.248886 0.389758 0.399515 0.660891 0.607093 0.623646 0.555043 0 0 0 0.572662 0 0 0.530833 0 0 0.520865 0.0678308 0.280177 0 0 0.153252 0 0.130053 0.609189 0 0.32191 0 0.299851 0.344907 0.580075 0.446188 0 0 0 0 0 0.550787 0.602066 0.182273 0.344729 0.435306 0.300516 0 0 0.30255 0.556135 0.37024 0.294432 0 0 0.557496 0 0.582838 0 0.210615 0.38204 0 0 0 0.329914 0 0 0 0 0
0.731832 0 0.717334 0 0 0.86765 0.186122 0.757124 0.292382 0 0.735667 0 0.162908 0 0 0 0 0.592952 0 0.255097 0.536392 0.154074 0 0 0 0 0.664327 0.348224 0 0.608757 0 0.64315 0 0 0.35165 0 0 0.636144 0 0.749169 0 0.500247 0 0 0 0 0 0 0.630843 0.761474 0 0 0.448688 0.42572 0 0.293281 0.877637 0.285931 0.582592 0.475841 0 0 0.3334 0.186058 0.74953 0 0.71995 0 0.663269 0.735372 0.678812 0 0.74825 0 0 0.580482 0.184833 0 0 0 0 0 0 0 0.309323 0.712048 0.434089 0.561647 0 0 0 0.509232 0 0 0.49038 0.823799 0 0.639475 0 0.250252
0 0 0 0 0.422766 0.948151 0.84133 0.722135 0.793037 0 0.433777 0 0 0 0 0 0.768052 0 0 0.923902 0 0.56718 0 1.26673 0.71358 0.234531 0.734773 0 0 1.14326 0.116096 0 0 0.406739 0 0 0 1.21039 1.16612 0 0.989146 0.936905 0.572662 0 0 0.791962 0 0 0.282723 0 0.986852 0 0 0 0.53447 0 0.813731 0.447697 0 0.252232 0 1.17774 0.406535 0.875872 0.600581 0.606163 0.971641 0 0 0 0 0 0.814287 0.540138 0 0 0 0.895652 0.316193 0.283566 0.436033 0 0.536398 0 0 0 0 0 1.01614 0 0.820025 0 0.891418 0.889959 0 0 0.24796 0 0 0
0.719519 0 0.454408 0.529298 0 0.373266 0.657237 0 0 0.631453 0.529889 0.388557 0 0 0.711391 0.4601 0.0438975 0.236352 0 0 0 0.420195 0 0.560897 0 0.569168 0.225112 0 0.424539 0.40737 0.678052 0.351239 0 0.452201 0 0.0115048 0 0 0 0.246159 0.197334 0 0 0 0.791962 0 0.205255 0 0 0 0 0.379028 0 0 0.396179 0 0 0.421938 0.464895 0 0 0 0 0 0 0 0 0 0 0 0.329147 0 0 0 0.559158 0.145392 0.676611 0 0 0 0.519534 0 0 0 0 0 0 0.435244 0 0 0.710226 0.536095 0 0.112445 0.203862 0.399331 0.571533 0 0.410561 0.44478
0 0.433524 0.583659 0.727479 0 0 0 0.402981 0.392629 0.784719 0 0.534186 0 0 0 0 0.217893 0.37544 0.696957 0 0 0.616921 0 0 0 0 0 0 0.612513 0.354983 0 0 0 0 0 0.20217 0 0 0.472693 0 0 0 0 0 0 0.205255 0 0.345673 0.729303 0 0 0.566587 0.459077 0 0 0.43935 0.451445 0 0 0 0 0.32244 0.87355 0.730413 0.522594 0.410077 0 0 0.332673 0.44153 0.441225 0.289562 0.290585 0 0.692233 0 0 0 0.679389 0.723231 0.660953 0 0.44797 0.881641 0.989628 0 0 0.415216 0 0.58847 0 0 0 0.0951407 0 0.433339 0.751905 0 0.478284 0
1.03207 0 0.808962 0 0 0 0.589701 0 0 0.563936 0 0.739257 0 0.63262 0.886081 0 0.400709 0 0.850652 0.576304 0 0.550964 0.729477 0 0 0 0 0 0 0 0 0.705621 0 0.672915 0.344766 0.345817 0 0.144855 0 0 0 0.174274 0.530833 0 0 0 0.345673 0 0.875278 0 0 0 0.579432 0 0 0.444068 0.770112 0 0.10759 0.928328 0.848201 0.146428 0.824827 0.491942 0.777577 0 0 0.627433 0.133983 0 0 0 0 0 0 0 0.709769 0 0.818073 0.786143 0 0 0 0 0 0.982809 0.167055 0.0780959 0 0.407892 0.662027 0 0.182656 0.351268 0.541257 0.738912 0 0 0.181677 0
0.166685 0.902344 0.22952 0 0 0 0.810763 0 0 0 0 0.220309 0.73007 0 0.451626 0.46404 0.522715 0.360195 0.0349652 0 0 0 0 0 0 0 0.459453 0.373455 0 0 0.174507 0 0.253613 0.316416 0 0 0.729579 0 0.988694 0.645086 0.74614 0.721225 0 0.630843 0.282723 0 0.729303 0.875278 0 0.555276 0.756051 0 0 0.860722 0.251747 0.450533 0.532678 0 0.976995 0 0.335303 0.962528 0.472204 0 0.319678 0.331549 0.708211 0.358538 0.962611 0 0.337471 0 0 0.35258 0 0.456454 0 0 0.0575529 0.201818 0 0 0 0.517391 0 0 0 0.946973 0.853077 0 0.814789 0 0 0.63929 0 0.482875 0.0392431 0.999496 0.840806 0
0 0.676639 0.355872 0 0 0 0 0.137231 0 0 0.447573 0 0 0.278181 0.869925 0 0 0 0.520327 0.9679 0 0 0 0.783885 0.186726 0.601521 0.111274 0 0 0 0 0.287375 0 0 0.4232 0.293955 1.0154 0.721719 0.732748 0 0.343539 0.432811 0 0.761474 0 0 0 0 0.555276 0 0 0.627845 0.375047 0 0.310834 0.470179 0 0 0 0 0 0.602476 0 0 0.274284 0 0 0.20161 0 0.189991 0.219413 0.0706015 0 0 0 0.182189 0.917536 0 0.519171 0 0.439713 0 0.358812 0 1.05142 0 0.478087 0 0 0.70778 0 0.60615 0 0 0 0.152331 0 0 0 0
0.920775 0.292561 0.648128 0 0 0.437361 0 0 0 0 0.727762 0.586635 0 0 0 0 0.238028 0 0.726808 0.704873 0.680797 0.548057 0.796553 0 0 0.768558 0.387207 0 0.623715 0 0.874525 0.546332 0 0 0 0 0 0 0.336782 0.300882 0 0.0850109 0.520865 0 0.986852 0 0 0 0.756051 0 0 0 0.464413 0 0 0 0.569645 0.587285 0 0.89093 0 0.217313 0.81865 0 0.602523 0 0 0 0.222479 0.528754 0 0.38662 0 0.452564 0.568327 0 0.768481 0.666303 0.701538 0 0 0.710388 0 0.819248 0.892019 0.864219 0 0 0.310319 0 0.761475 0 0.164897 0 0 0.542757 0.772351 0 0 0.432661
0.651897 0 0.592134 0.176634 0.217871 0.735845 0 0 0 0.294841 0.618391 0 0.199959 0.44343 0 0.72707 0 0.458291 0 0 0 0.0776198 0 0 0 0 0 0.323668 0.393934 0.555192 0.554191 0.513012 0 0.236437 0 0.376697 0.405723 0 0.54495 0 0 0.406444 0.0678308 0 0 0.379028 0.566587 0 0 0.627845 0 0 0.318277 0 0 0 0 0 0 0.460427 0.385954 0.610863 0.34926 0.288861 0 0 0 0 0.602561 0.601415 0 0.564405 0 0.21908 0.283678 0.446308 0.297585 0.333924 0 0.369964 0 0 0.330772 0 0.430072 0 0 0.523511 0.388629 0.144629 0.351003 0.424271 0.332169 0.485265 0 0 0.521336 0 0 0
0.458149 0 0 0 0.252798 0 0 0 0 0 0 0.199912 0.494193 0 0.495768 0.418075 0 0 0 0 0.216421 0.305328 0.611666 0 0 0 0.263916 0.382294 0 0.644569 0 0.194775 0.110991 0.236916 0.240125 0.273934 0 0 0 0 0 0.424896 0.280177 0.448688 0 0 0.459077 0.579432 0 0.375047 0.464413 0.318277 0 0.574384 0 0 0.447166 0.22503 0 0.480689 0.398323 0 0 0.603423 0.300886 0 0.454315 0 0.666376 0 0.233554 0 0 0 0 0 0 0 0.240193 0.266911 0.310713 0 0 0.497134 0 0 0.41238 0 0 0 0.661957 0 0.397032 0.364485 0 0.39074 0.309151 0 0.560571 0.527289
0 0 0 0.564663 0.606431 0.734461 0.462676 0 0.237931 0.437632 0 0.755163 0 0.651804 0 0 0 0.623773 0 0 0 0.476337 0.613597 0.252745 0.545292 0 0.626932 0.722364 0.714727 0 0 0.728403 0.61165 0.619648 0.335196 0 0 0 0 0.595745 0 0 0 0.42572 0 0 0 0 0.860722 0 0 0 0.574384 0 0.773963 0.411557 0 0.578559 0 0 0.783612 0.274557 0 0.363414 0 0 0.513519 0.662639 0.260048 0.756285 0.721982 0.641154 0 0 0 0 0.597632 0 0 0.743873 0.879828 0 0 0 0 0 0.196595 0.137616 0 0.301889 0 0 0.20397 0.430184 0.553433 0.800181 0.863352 0 0 0
0.403512 0.801091 0.0582928 0 0 0.416953 0.86432 0.188009 0 0.844581 0 0.0426873 0 0.122427 0 0.225511 0.354757 0.160583 0 0 0 0.530446 0 0.956407 0.258484 0.308109 0.229997 0.539139 0.228292 0 0 0 0.293004 0 0 0 0 0.89278 0 0 0.562015 0 0 0 0.53447 0.396179 0 0 0.251747 0.310834 0 0 0 0.773963 0 0 0 0 0 0 0 0.806825 0.639511 0 0 0 0.492059 0.135443 0 0 0.0923748 0.257663 0 0.331394 0.823116 0.261474 0 0.883905 0 0.374139 0 0.291559 0.221822 0 0.91454 0.337014 0.590375 0 0 0 0.889346 0 0 0 0.222537 0.23281 0 0 0 0
0.596715 0 0 0.291298 0.233565 0 0 0.465754 0 0 0 0.381724 0 0.296803 0.482263 0.573185 0 0 0 0.521596 0.3567 0 0 0.643109 0.284022 0 0 0 0 0.518132 0.52188 0 0 0.236405 0.111185 0.238807 0.551725 0 0.54529 0.470668 0 0.322665 0.153252 0.293281 0 0 0.43935 0.444068 0.450533 0.470179 0 0 0 0.411557 0 0 0.585225 0.199231 0.538212 0 0.419016 0 0.435215 0 0 0.325229 0 0.345086 0.552779 0.448336 0.394929 0.406109 0 0 0.411862 0 0.449181 0.479042 0.393312 0.342115 0 0.37193 0.191011 0 0 0 0.284375 0.509062 0 0.266398 0 0 0 0 0 0 0.451866 0.57073 0.390274 0.345294
0 0.844593 0.304802 0 0 0.195003 1.05434 0 0.672181 0 0 0 0.878202 0.322544 0.916734 0 0.399588 0 0 1.10144 0.53389 0.746771 0 0 0.312313 0 0.221453 0 0.505361 0.797485 0 0.287636 0 0.67543 0 0.450457 1.10583 0 0.903038 0.283654 0 0.600747 0 0.877637 0.813731 0 0.451445 0.770112 0.532678 0 0.569645 0 0.447166 0 0 0.585225 0 0.670179 0 0.876495 0.805301 0 0 1.00429 0.213181 0 0 0.249693 0 0.162542 0.222467 0.198312 0 0.538462 0.980298 0 0 1.0585 0 0.653155 0 0 0 0.937135 1.14957 0.604278 0.641586 0 0 0 0 0.619119 0.635609 0 0.389238 0.056848 0.570122 0.858333 0 0
0 0.631466 0 0.169586 0 0.71543 0.467397 0 0 0 0.457818 0.384413 0.396172 0.347926 0.289597 0 0 0.38881 0 0 0 0 0.40291 0 0 0 0.486526 0 0 0.709435 0.357305 0.398865 0 0 0.31041 0 0 0 0.721078 0.628137 0.608778 0 0.130053 0.285931 0.447697 0.421938 0 0 0 0 0.587285 0 0.22503 0.578559 0 0.199231 0.670179 0 0 0 0.219877 0 0.253259 0.468238 0 0.392266 0 0.421676 0 0.51193 0.451308 0.526626 0.578858 0 0 0.422532 0 0.503543 0 0 0.450038 0.243384 0.241442 0.273504 0 0 0.479772 0.691566 0 0.34063 0.477765 0 0 0.533877 0 0.613439 0.33007 0.758562 0.546601 0.461526
0 0.0948771 0.916171 0 0.749226 0 0.610601 0 0.369201 0.58664 0.98568 0.845985 0 0 0 0 0.508281 0 0 0.582597 0.888285 0 0 0 0 0.971622 0.680111 0.871328 0.832799 0 1.06004 0.81286 0 0 0 0.453407 0.864067 0.0535548 0 0.605196 0 0 0.609189 0.582592 0 0.464895 0 0.10759 0.976995 0 0 0 0 0 0 0.538212 0 0 0 1.00807 0 0 0 0 0.885149 0 0.5078 0.735023 0 0 0 0.68538 0.705413 0.63092 0 0.609029 0 0.556284 0.919585 0.878636 0 0.907982 0.681528 0 0 1.08395 0 0 0 0.45873 0 0.915985 0 0.454614 0.647113 0 0.983982 0 0 0.341558
0 0 0 0.308294 0 0.967049 0.604302 0.764338 0 0 0 0 0.630638 0.57104 0.0966157 0.820023 0.707984 0.629375 0.405243 0 0 0 0.447653 0 0 0 0.736697 0.136822 0.371816 1.00662 0 0 0 0.268383 0.614291 0 0 0 0 0 0 0.825309 0 0.475841 0.252232 0 0 0.928328 0 0 0.89093 0.460427 0.480689 0 0 0 0.876495 0 1.00807 0 0 1.05419 0.158455 0.651434 0.673863 0.618203 0 0.649947 0 0.714785 0 0 0 0 0.67387 0.69179 0.41896 0.663423 0.37574 0 0.546288 0 0 0 0 0.390586 0 0 0 0.579615 0 0.260536 0 0.828766 0.559162 0 0.344198 0 0 0
0 0.839728 0.532194 0 0 0.888069 0 0.690527 0 0.557913 0.496895 0 0.565436 0 0.117277 0.752501 0.62327 0 0.353418 0 0 0 0 0 0.60372 0.26674 0.657036 0.0694599 0 0.926002 0 0 0 0 0 0.638101 0 0.981601 0.928958 0 0.825108 0 0.32191 0 0 0 0 0.848201 0.335303 0 0 0.385954 0.398323 0.783612 0 0.419016 0.805301 0.219877 0 0 0 0.972012 0.143518 0.599152 0.607664 0 0 0.573038 0.966348 0 0 0 0.748225 0.361099 0.617296 0 0 0.617272 0.318425 0 0.493032 0.245008 0 0.192461 0 0.366417 0.698759 0 0 0.512581 0.543435 0 0.68184 0.74384 0.476685 0.749414 0 0 0 0
0 0.220844 0 0 0.78612 0.618723 0 0.714178 0.411488 0 0 0.802227 0 0 1.01823 0.82091 0.453197 0.646298 0.934864 0 0 0 0 0 0 0.968852 0.602899 0.919936 0.824868 0 0 0.762883 0.741051 0.792158 0.449193 0 0.968523 0.14476 0 0 0 0.242244 0 0 1.17774 0 0.32244 0.146428 0.962528 0.602476 0.217313 0.610863 0 0.274557 0.806825 0 0 0 0 1.05419 0.972012 0 0 0.63699 0.819555 0 0 0 0.0167999 0.744704 0.731102 0 0 0 0 0 0.855149 0.688052 0 0.896233 0 0 0.66196 0 0.963343 0 0.273401 0.155483 0.283536 0.55298 0.807996 0.923601 0 0.366774 0.615431 0.751618 0.975782 0 0.324961 0
0 0 0.652695 0.176238 0.221145 0.966371 0.447445 0.786999 0.548255 0.447368 0 0 0.494293 0.585706 0.070735 0.861269 0 0.634201 0 0.530767 0.407014 0.275707 0 0.993644 0 0.40575 0 0 0.412188 0 0 0 0.365933 0.235171 0 0 0.267652 0 0.887624 0 0 0.744838 0.299851 0.3334 0.406535 0 0.87355 0.824827 0.472204 0 0.81865 0.34926 0 0 0.639511 0.435215 0 0.253259 0 0.158455 0.143518 0 0 0 0 0.632271 0 0 0.951488 0.744519 0 0 0 0.407738 0 0.675276 0 0.50822 0.448051 0.276088 0.622867 0 0 0.0496213 0 0 0.691914 0 0 0 0 0 0 0.782074 0.54661 0 0 0.94483 0.698157 0.579492
0.917656 0.422303 0 0 0 0 0 0 0.347937 0.0776707 0 0.80234 0 0 0.570837 0 0.620645 0 0 0.0995646 0.716681 0.333763 0.277361 0 0.693096 0 0.783994 0 0 0 0.808451 0 0 0 0.44589 0.583201 0.37216 0.561319 0.486968 0.833184 0.669865 0.525413 0.344907 0.186058 0.875872 0 0.730413 0.491942 0 0 0 0.288861 0.603423 0.363414 0 0 1.00429 0.468238 0 0.651434 0.599152 0.63699 0 0 0 0.753096 0 0 0.622973 0 0 0 0 0 0.0463633 0.696143 0.27605 0 0 0 0.898067 0.711622 0 0 0 0.896569 0 0 0.353937 0.163466 0 0.694058 0 0 0 0 0.798276 0.575441 0 0.182221
0 0.834806 0 0.67255 0 0.366878 0 0 0 0.913599 0 0 0 0.176994 0.722465 0 0.376868 0 0 0 0.328707 0 0 0.979703 0.275077 0 0 0 0 0.823879 0 0 0.371138 0.499926 0.491312 0.431861 0.941828 0.91586 0.907987 0 0 0 0.580075 0.74953 0.600581 0 0.522594 0.777577 0.319678 0.274284 0.602523 0 0.300886 0 0 0 0.213181 0 0.885149 0.673863 0.607664 0.819555 0 0 0 0 0.478082 0.150772 0 0 0.0913486 0.236164 0 0.400243 0 0 0 0 0.30284 0.45456 0 0 0.287998 0 0.992606 0 0 0 0 0 0.962113 0.413749 0 0.454379 0 0 0 0.886155 0.812027 0
0 0.682533 0 0.554577 0 0.350809 0.792433 0 0.449611 0 0.262543 0.124109 0.634529 0 0.648008 0 0.231632 0.0373111 0 0 0 0.472664 0 0.834203 0.135843 0 0.12864 0 0 0.680703 0.490948 0 0 0.399043 0.335474 0.284791 0.828057 0 0 0 0 0 0.446188 0 0.606163 0 0.410077 0 0.331549 0 0 0 0 0 0 0.325229 0 0.392266 0 0.618203 0 0 0.632271 0.753096 0 0 0.380548 0 0.687401 0.124886 0 0.165869 0 0.263985 0 0.139171 0.741274 0 0.290096 0.393981 0.252562 0.335164 0 0 0 0 0 0 0 0 0.825808 0.373712 0 0.328198 0 0.221433 0 0 0 0.652194
0.874099 0 0 0.753143 0.674256 0 0 0.351331 0 0.833213 0 0 0.651272 0 0.929367 0.44536 0.222909 0.348687 0 0 0 0.643914 0.92978 0.577833 0.258246 0.739159 0.262524 0 0 0 0 0.456048 0.56139 0.667257 0 0 0 0.51824 0 0 0 0.272647 0 0.71995 0.971641 0 0 0 0.708211 0 0 0 0.454315 0.513519 0.492059 0 0 0 0.5078 0 0 0 0 0 0.478082 0.380548 0 0 0.399489 0.394756 0 0.241976 0 0 0.745816 0.253109 0.89678 0 0 0.721149 0.626084 0 0.441496 0 1.02761 0.810886 0.336481 0.484055 0 0 0 0 0 0 0 0 0.733616 0 0 0.616833
0.521108 0 0.192403 0.582542 0 0.319439 0 0 0 0.791747 0 0 0 0.0790333 0 0 0.226962 0 0 0.86647 0.324293 0 0 0.830506 0 0 0.101059 0 0.281878 0 0.520301 0.097165 0 0 0 0.281617 0 0.766682 0.757442 0 0.427128 0 0 0 0 0 0 0.627433 0.358538 0.20161 0 0 0 0.662639 0.135443 0.345086 0.249693 0.421676 0.735023 0.649947 0.573038 0 0 0 0.150772 0 0 0 0.679421 0 0 0.13636 0.180992 0.289538 0.752372 0.128595 0 0 0.318975 0.425702 0.268634 0.365908 0.181525 0.691381 0.900049 0 0 0 0 0 0 0.404862 0 0.314443 0.143295 0 0 0 0 0.665104
0 0 0.868948 0 0 0.630344 0 0 0 0.696134 0.946567 0.805213 0 0.698846 0 0.829076 0.456412 0 0.93533 0 0.881067 0 0 0.181428 0.553225 0.967717 0.609235 0 0 0.0622317 0 0 0.738724 0.787191 0 0 0.956799 0 0 0 0 0 0 0.663269 0 0 0.332673 0.133983 0.962611 0 0.222479 0.602561 0.666376 0.260048 0 0.552779 0 0 0 0 0.966348 0.0167999 0.951488 0.622973 0 0.687401 0.399489 0.679421 0 0 0 0.606681 0 0.634838 0.576934 0.550829 0 0.673658 0 0.892893 0.93624 0 0 0 0.950768 0 0 0.138977 0 0 0.794437 0.921326 0.285507 0.37347 0.616665 0.759999 0 0 0 0
0 0.773736 0.167871 0 0 0.287917 0.916738 0 0 0 0 0.166113 0.754541 0.164666 0.754196 0.125887 0.312884 0 0.348354 0.969848 0 0 0.904475 0 0.211232 0 0 0.64669 0.343215 0 0 0 0 0 0.447439 0 0.949765 0 0 0 0 0 0 0.735372 0 0 0.44153 0 0 0.189991 0.528754 0.601415 0 0.756285 0 0.448336 0.162542 0.51193 0 0.714785 0 0.744704 0.744519 0 0 0.124886 0.394756 0 0 0 0.0607791 0.152905 0.171476 0.3887 0 0.211459 0 0 0.356467 0.490999 0.251771 0.416345 0 0.776143 0 0 0 0 0.752734 0 0.950668 0.458925 0 0.378055 0.246058 0 0.418532 0 0.759726 0.767017
0.49393 0.743501 0 0.616661 0 0.329097 0 0.107493 0 0.839743 0 0.117168 0.704382 0.104845 0 0.184589 0 0.0991562 0 0 0.319411 0 0 0 0.184304 0 0.139735 0.586512 0.285326 0 0 0 0 0.45421 0 0.340645 0 0.825162 0.816685 0.320835 0 0 0 0.678812 0 0.329147 0.441225 0 0.337471 0.219413 0 0 0.233554 0.721982 0.0923748 0.394929 0.222467 0.451308 0 0 0 0.731102 0 0 0.0913486 0 0 0 0 0.0607791 0 0.165425 0 0 0.805008 0 0.805439 0 0.305691 0.432837 0 0 0.218639 0 0.93617 0 0 0 0.717762 0.660506 0 0 0 0.367909 0.19266 0 0.371171 0 0 0
0.655365 0.650336 0 0.675937 0 0.190724 0 0.114895 0.476024 0 0.39909 0.27703 0 0 0 0 0 0.14799 0.45949 0.911916 0 0 0.889081 0 0 0 0 0.686342 0 0 0.656576 0.228304 0.413511 0.541286 0 0.252232 0.947715 0 0 0 0.340515 0 0.550787 0 0 0 0.289562 0 0 0.0706015 0.38662 0.564405 0 0.641154 0.257663 0.406109 0.198312 0.526626 0.68538 0 0 0 0 0 0.236164 0.165869 0.241976 0.13636 0.606681 0.152905 0.165425 0 0 0 0.787448 0 0.851283 0 0 0 0 0.500704 0 0.800053 0.985073 0 0.44456 0 0 0 0 0 0 0 0 0.159653 0 0.676222 0.652176 0
0 0 0 0.727955 0.608383 0 0 0.12045 0.517901 0 0 0.315001 0.729793 0.257805 0 0 0 0 0 0 0.505265 0 0 0 0 0 0.0925018 0.73795 0 0 0.70009 0.266767 0.464997 0 0 0.288053 0 0 0 0.134612 0 0 0.602066 0.74825 0.814287 0 0.290585 0 0 0 0 0 0 0 0 0 0 0.578858 0.705413 0 0.748225 0 0 0 0 0 0 0.180992 0 0.171476 0 0 0 0.431257 0.831492 0 0.902481 0 0.498455 0 0 0.546898 0 0.852265 1.03632 0 0.475415 0.678157 0 0 0 0 0.470308 0.250801 0 0.142866 0.566783 0.691514 0 0
0.501096 0 0.374413 0 0.188063 0 0.533962 0 0.270835 0.513638 0.408443 0 0 0 0 0 0 0.251476 0 0 0 0 0 0.735676 0 0 0 0.329357 0.206486 0.604802 0 0.294131 0.105285 0 0.189643 0 0.570212 0.67668 0 0.473785 0 0.397261 0.182273 0 0.540138 0 0 0 0.35258 0 0.452564 0.21908 0 0 0.331394 0 0.538462 0 0.63092 0 0.361099 0 0.407738 0 0.400243 0.263985 0 0.289538 0.634838 0.3887 0 0 0.431257 0 0 0.270145 0.478738 0 0 0.259658 0 0.277066 0 0 0 0.456568 0 0 0.500778 0 0.563238 0 0.352611 0.383056 0.150765 0.482804 0 0.659742 0 0.439914
