200
0 0.108036 0.519265 0.234798 0.695303 0.228905 0.514348 0.746242 0.767022 0.219593 0.473761 0.460179 0.247877 0 0.58549 0.63975 0.869258 1.09538 0.50704 0.855168 0 0 0.356825 0.253354 0.771106 0.528984 0.716557 0.159072 0.290883 0.452996 0.905278 0.541559 0.687921 0.87544 1.08548 1.21175 0.49284 0.467832 0.851068 0.786806 0.562681 1.17288 0.263197 0.633576 0.608934 0.75846 0.804722 0.564565 0.715776 0 0.663336 0.794406 0.938733 0.695885 0.106245 0.658981 0.40572 0.567976 1.02074 0.613477 0.682724 0.996527 0.411303 0.80965 0.650724 0.858679 0.4016 0.954781 0.631353 0.498122 0.891968 0.383631 0.568546 0.77013 1.21167 0.681042 0.727237 0.695799 0.441914 0.582754 0.745752 0.677258 0.84596 0.499447 0.308174 0.915313 0.664195 0.0931117 0.86479 0.273115 0.437438 0.0774722 0.831375 0.493905 0.982916 0.934827 0.779243 0.650148 0.634346 0.337828 0.451002 0.456576 0.696359 0.379104 0.161951 0.218907 0.687169 0.280088 0.91696 0.909847 0.924398 0.67406 1.04507 0.284013 0.71601 0.839271 0.932909 0.838859 0.0398472 0.57403 0.778918 0.492828 0.175013 0.615338 0.390108 0.750389 0.422079 1.15651 0.205725 0.936355 0.741846 0.314445 0.648241 0.536176 1.24563 0.209092 1.15791 0.943677 0.650997 0.398233 0.88966 0.89804 0.735636 0.333964 0.216626 0.988662 0.929539 0.534798 0.054454 0.857198 0.942588 0.630511 0.844917 0.298285 0.968074 0.813018 0.669338 0.210962 0.822563 0.717133 0.534909 0.822154 0.763686 0.0798238 0.76086 0.97085 0.263331 0.873917 0.74792 1.11042 0.215741 0.740806 0.843079 0.961729 0.419538 0.861401 0.73148 0.81043 0.391453 0.665983 0.306599 0.830443 0.665276 0.353166 0.680645 0.320402 1.13074 0 0.230637 0.572971 0.653381 0.518131 0.874794 0.90931 0.809197 1.03733 0.695425 0.699716 0.390959 0.614332
0.108036 0 0.490418 0.163121 0.612958 0.122251 0.42944 0.673116 0 0.170542 0.424639 0.35518 0.168296 0.49925 0.564959 0.570957 0.78379 0.991773 0.399066 0.748922 0.431629 0.716537 0.301224 0.170052 0.666867 0.431905 0.616806 0.0763882 0.288024 0.440861 0.866976 0.44251 0.586478 0.767511 0.986177 1.1094 0.404018 0.448527 0.761258 0.690329 0.456355 1.07244 0.165959 0.525943 0.563022 0.679231 0.707881 0.469256 0.615156 1.07529 0.598891 0.7565 0.857205 0 0.17189 0.552256 0.325935 0.501812 0.920789 0.529831 0.617792 0.891197 0.413853 0.722804 0.55474 0.75071 0.364714 0.887885 0.559075 0.439031 0.7968 0.370744 0.474421 0.669433 0 0 0.625517 0.644192 0.339612 0.481321 0.64837 0.580994 0.772613 0.4062 0.218727 0.874942 0.556726 0.0989658 0.801701 0.281342 0.359016 0.140794 0.770462 0.480688 0.904149 0.889361 0.701624 0.553417 0.551736 0.231778 0.343006 0.374786 0.596228 0.272 0.0557009 0.224607 0.587489 0.248967 0.810112 0.801811 0.840313 0.568007 0.938202 0.21023 0.622747 0.732576 0.886292 0.75828 0.0744668 0 0.671957 0.458152 0.0847317 0 0.303984 0.642477 0.345837 1.05106 0.197167 0.896896 0.671849 0.226201 0.579873 0.431293 1.14197 0.192661 1.05642 0.906737 0 0.334234 0.782637 0.790643 0.655127 0.242093 0.247807 0.881049 0.854276 0.445657 0.120944 0.776806 0.882325 0 0.805642 0.325372 0.860296 0.739948 0.562727 0.270747 0 0.659793 0.472142 0.734379 0.661206 0.0291827 0.671423 0.912834 0.161074 0.821251 0.657748 1.00536 0.262917 0.694336 0.744007 0.872035 0.316443 0.753483 0.658357 0.721968 0.284499 0.583263 0.296288 0.780444 0.55786 0.358883 0.629669 0.212778 1.02655 0.268404 0.294811 0.488316 0.610746 0.503645 0.786483 0.80224 0.764779 0.929767 0.593564 0.617636 0.282942 0.510069
0.519265 0.490418 0 0.340459 0.368976 0.458701 0.808806 0.347554 0.743531 0.32007 0.11096 0.635154 0.619902 0.850972 0.0825579 0.251374 0.519484 0.886235 0.591709 0.907212 0.298332 0.892043 0.208324 0.354519 0.632146 0.75412 0.88155 0.552857 0.236526 0.0948397 0.387337 0.749068 0.534074 0.860785 0.820889 0.971339 0.773349 0.0640413 0.536613 0.96951 0.53816 0.91172 0.577172 0.619943 0.122569 0.39239 0.563275 0.793697 0.872448 0.965831 0.242579 0.277072 0.55279 0.315872 0.440422 0.740394 0.740157 0.202824 0.772076 0.33167 0.258296 0.831887 0.16275 0.482017 0.858502 0.84279 0.127247 0.496696 0.266919 0.153646 0.614901 0.144407 0.39319 0.580881 0.999053 0.225506 0.87027 0.211943 0.652042 0.473212 0 0.878343 0.428766 0.362534 0.633831 0.398669 0.722011 0.427976 0.400423 0.263636 0.770692 0.452841 0.362511 0.0752456 0.576069 0.423249 0.398296 0.458504 0.921188 0.556259 0.540651 0.279911 0.523443 0.479986 0.46744 0.306254 0.512301 0.242916 0.80264 0.866776 0.556269 0.766503 0.911381 0.30944 0.466783 0.735777 0.42296 0.463209 0.490532 0.627082 0.826571 0.0404385 0.549218 0.414832 0.310987 0.719323 0.253979 0.973568 0.313648 0.418917 0.32751 0.341902 0.253994 0.686235 1.0214 0 0.911312 0.424972 0.9388 0.208735 0 0.90954 0.384001 0.352502 0.33508 0.891721 0.510634 0.340846 0.468939 0.477051 0.462746 0.704414 0.328085 0.283037 0.883778 0.399919 0.609557 0.39362 0.872475 0.250556 0.175207 0.498484 0.891516 0.502158 0.995896 0.483124 0.55389 0.377406 0.98005 0.924809 0.363765 0.237799 0.616233 0.626976 0.630814 0.806422 0.336578 0.494629 0.567172 0.353445 0.216281 0.330021 0.724742 0.202757 0.1971 0.523123 0.927078 0.479282 0.401574 0 0.148833 0.0691643 0.544217 0.803435 0.299081 0.930959 0.544361 0.370026 0.529999 0.750715
0.234798 0.163121 0.340459 0 0.460508 0.123739 0.49464 0.513753 0.594603 0.0494979 0.263983 0.355881 0.279989 0 0.419588 0.4095 0.634681 0.881998 0.357834 0.717263 0 0.69058 0.140072 0.0338039 0.563528 0.462892 0.626581 0.214728 0.18799 0.30861 0.707603 0 0 0.711719 0.861598 0.993987 0.461928 0.308489 0.617993 0 0.373302 0.950808 0.24163 0.455286 0.402297 0.523954 0.57842 0.503464 0.621279 0.96646 0.436321 0.597762 0.704002 0.462967 0.220443 0.523019 0.411137 0.339428 0.798372 0.378837 0.455347 0.791003 0.301091 0.575448 0 0.693753 0.213266 0.726256 0.399061 0.275961 0.663044 0.243441 0.341017 0.551386 0 0.459737 0.626152 0.481649 0.358204 0.369573 0.520757 0.605546 0.613504 0.272055 0.300488 0.714778 0.517788 0.15139 0.639102 0.199473 0.443398 0.206923 0.607539 0.345061 0.748656 0.727641 0 0.425185 0.614635 0.245854 0.296124 0 0.477286 0.215933 0.128616 0.160509 0.467214 0.118645 0.722212 0.737355 0.689635 0.544419 0.848934 0.0493239 0.486026 0 0.724305 0.604195 0.195869 0.417521 0.635384 0.304843 0 0.38715 0.15806 0.574262 0.187618 0.95026 0.126431 0 0.511034 0.0893086 0.41829 0.425252 1.0316 0.112212 0.938202 0 0.632561 0.171132 0.742311 0.745289 0.500931 0.11307 0.211976 0.801491 0 0.30278 0.206095 0.622566 0.719392 0.48881 0.64612 0.26058 0.784124 0.580652 0 0.270379 0.682232 0.496677 0.309142 0.588237 0.656704 0.183676 0.712856 0.74975 0.220514 0.658344 0.69769 0.902607 0.245672 0 0.620166 0.728392 0.334044 0.682793 0.498969 0.576803 0.277999 0.431208 0.183689 0.617946 0.519689 0.257049 0.467275 0.213117 0.919234 0.315875 0.29499 0.550103 0.450926 0.365719 0.640995 0.716712 0.603633 0.848803 0.480886 0.464918 0.253639 0.502581
0.695303 0.612958 0.368976 0.460508 0 0.511953 0.723234 0.100542 0.459022 0.482838 0.295378 0.527177 0.656119 0.731732 0.413753 0.120971 0.175838 0.51793 0.439672 0.637003 0.18133 0.634851 0.359246 0.444431 0.30439 0 0.687234 0.637413 0.50987 0.448768 0.445036 0.619115 0 0.560255 0.453789 0.603157 0.687796 0.417492 0.173406 0.77051 0.332225 0.545266 0.596617 0.380469 0.2712 0.0713026 0.199593 0.665437 0.67449 0.596926 0.14746 0.377802 0.244258 0.0745874 0.665224 0.525219 0.704038 0.171001 0.403208 0.0834038 0.144253 0.472128 0.508485 0.121813 0.698516 0.544253 0.373537 0.308708 0.102072 0.244436 0.246329 0.456482 0.173149 0.236482 0.630105 0.193591 0.663708 0.242898 0.561339 0.239796 0.177453 0.709245 0.178271 0.22274 0.632224 0.438611 0.496301 0.6093 0.253269 0.541145 0.724339 0.659996 0.242558 0.442862 0.292321 0.419915 0.0975444 0.160214 0.803862 0.523397 0.423575 0.239032 0.206268 0.418655 0.563252 0.550749 0.198411 0.456822 0.461639 0.550887 0.229262 0.551297 0.556193 0.411358 0.116397 0.407887 0.411039 0.145724 0.656232 0.433708 0.567995 0.346894 0.623844 0.144127 0.309008 0.435812 0.274074 0.606738 0.533998 0.459959 0.12181 0.386813 0.121493 0.538075 0.652574 0.521828 0.543206 0.481753 0.818732 0.310254 0.629287 0.616284 0.0448261 0.372746 0.601864 0.549886 0.249049 0.174295 0.663628 0 0.334146 0.495543 0.398194 0.590082 0.547552 0.150915 0.34066 0 0.606689 0.207929 0.206549 0.137203 0.670719 0.638195 0.827975 0.371276 0.571838 0.327864 0.812755 0.558384 0 0.29364 0.252559 0.277056 0.550922 0.492588 0.0924158 0.129886 0.496937 0.0297504 0.486614 0.316474 0 0 0 0.50213 0 0 0.689089 0 0.294288 0.437714 0.188738 0.465873 0.341888 0.583157 0.234849 0.00518074 0.457745 0.570298
0.228905 0.122251 0.458701 0.123739 0.511953 0 0.373094 0.581843 0.539608 0.163976 0.371825 0.253987 0.163779 0.432231 0.539419 0 0.677682 0.869999 0.282587 0.63893 0.332658 0.608451 0.25167 0.104194 0.544949 0.350028 0.5244 0.125526 0.306299 0 0.812683 0.355542 0.466243 0.650397 0.866876 0.988154 0.341455 0.430841 0.650854 0.603878 0.334143 0.952306 0.118799 0.404929 0.507213 0.580887 0.591053 0.390021 0.520791 0.953379 0 0.704702 0.754718 0.530716 0.268557 0.441643 0.287398 0.423164 0.801106 0.428661 0 0.768968 0.423849 0.615695 0.471668 0.633254 0.332623 0.800976 0.471068 0.372379 0.681162 0.367155 0.361842 0.549573 0.985504 0.550304 0.528435 0.578956 0.248001 0.361386 0.531274 0.496771 0.679755 0.295759 0.17701 0.818158 0.442934 0.186137 0 0.312379 0.319699 0.242545 0.691755 0.46804 0.804249 0.826558 0.604816 0.437391 0.494283 0.132995 0 0.280816 0.476971 0 0.0669856 0.26388 0.468628 0.241711 0 0.682915 0 0.459651 0.816242 0.14958 0.509722 0.610514 0.822222 0.657584 0.191855 0.34863 0.559821 0.421287 0.112131 0.408168 0.207837 0.522344 0.261591 0.928818 0.229336 0.840823 0.584234 0.134804 0.496111 0.328526 1.02014 0.217887 0.935671 0.85339 0.512179 0.268755 0.669904 0.676414 0.555643 0.141653 0.306131 0.75992 0.758501 0.339496 0.229 0.676147 0.802871 0.410535 0.751283 0.369483 0.739568 0.647795 0.440615 0.35004 0.605079 0.587345 0.399044 0.626215 0.561911 0.151434 0.598764 0.835553 0.0968498 0.751228 0.583995 0.883167 0.33275 0.63393 0.625229 0.761217 0.22355 0.633327 0.567326 0.613179 0.177319 0.482267 0 0.71416 0.444316 0.377366 0.565579 0.104652 0.904562 0.370076 0.375457 0.429583 0.55722 0.488184 0.677444 0.680418 0.70525 0.808541 0.473021 0.516868 0.166832 0.407855
0.514348 0.42944 0.808806 0.49464 0.723234 0.373094 0 0.818108 0.458833 0.537057 0.706962 0.196368 0.266552 0.078246 0.891352 0.754909 0.843259 0.859822 0.286548 0.44226 0.586732 0.403163 0.602832 0.468711 0.577032 0.100813 0.247124 0.358266 0.679377 0.797977 1.11833 0.124025 0 0.516287 0.907737 0.983691 0.0365172 0.792129 0.795406 0 0.401486 0.972999 0.267095 0.397654 0.827066 0.792748 0.695711 0.0976412 0.253567 0.930564 0.79456 1.01905 0.930047 0.773137 0.600624 0.300342 0.110678 0.711874 0.842979 0.653986 0.808022 0.742453 0.795713 0.783799 0.165241 0.506126 0.689536 1.03158 0 0.68912 0.783199 0.736518 0.550829 0.626417 0.956373 0.837534 0.27326 0.878038 0.165452 0.48929 0.644461 0.189776 0.900611 0.517307 0.210791 1.11923 0.328152 0.526982 0.971769 0.68437 0 0.568814 0.953255 0.831014 0.986899 1.11588 0.819511 0.581565 0.122693 0.25351 0.301811 0.561958 0.578573 0.335399 0.404778 0.633267 0.577177 0.613275 0.638446 0.566348 0.900094 0.294192 0.74924 0.507954 0.659936 0.57866 1.10919 0.850803 0.496046 0.316033 0.394989 0.768911 0.345612 0.581194 0.505694 0.458145 0.568049 0.883026 0.59964 1.14225 0.831288 0.467424 0.76369 0.200566 0.995802 0.589295 0.946227 1.15911 0.14032 0.601718 0.490088 0.508745 0.766464 0.456449 0.669246 0.672801 0.961744 0.566152 0.546855 0.86749 1.05493 0.300054 0 0.739201 0.646013 0 0.455723 0.699827 0.421138 0.871575 0.701715 0.787195 0.311786 0.446762 0 0 0.280938 1.02929 0.23618 0.848798 0.689639 0.93789 0.702925 0.890224 0.182107 0.545017 0.806031 0.772444 0.245465 0.698447 0.677752 1.00226 0.326723 0.750407 0.867739 0.287082 0.882225 0.692467 0 0.0589121 0.876954 0.848974 0.826885 0.625203 1.00668 0.718182 0.55675 0.728324 0.285659 0.223619
0.746242 0.673116 0.347554 0.513753 0.100542 0.581843 0.818108 0 0.555783 0.52795 0.302561 0.621743 0.733725 0.829462 0.373343 0.110175 0.17428 0.567185 0.536868 0.733891 0.250914 0.733117 0.394455 0.503079 0.395055 0.731986 0.787771 0.705897 0.528611 0.437539 0.348354 0.716768 0.324658 0.652981 0.485234 0.637105 0.78231 0 0.203641 0.871017 0.431607 0 0.675488 0.480982 0.231453 0.057599 0.271663 0.763342 0.775032 0.640642 0.105147 0.291193 0.208426 0.0512386 0.70336 0.625758 0.793192 0.182702 0 0.165084 0.0895878 0.53887 0.502729 0.150895 0.798325 0.637583 0.386248 0.220589 0.114889 0.259667 0.290347 0.460563 0 0.323017 0.672642 0.131943 0.764217 0.173304 0.654664 0.339214 0.265077 0.809393 0.0997674 0.307162 0.715297 0.340691 0.596781 0.656334 0.154233 0.560224 0.815023 0.702474 0.14203 0.422664 0.241689 0.319963 0.0521107 0.260597 0.901875 0.608344 0.516848 0.301245 0.303223 0.504094 0.627031 0.579502 0.296239 0.48767 0.542602 0.639945 0.20886 0.651821 0.625934 0.464681 0.208326 0.495675 0.310911 0 0.70843 0.533529 0.66657 0.335878 0.693803 0.2434 0.37421 0.533002 0.327301 0.659802 0.568222 0.361533 0.027498 0.450386 0.103225 0.636264 0.690323 0.557673 0.577404 0.38388 0.916995 0.349068 0.72396 0.709843 0.0697368 0.440253 0.626446 0.628785 0.183729 0.257048 0.709272 0.129775 0.23684 0.596043 0.305247 0.601625 0.629271 0.0669025 0.440392 0.694572 0.7043 0.130047 0.219409 0.166571 0.770943 0.69634 0.928309 0.273512 0.650238 0.2278 0.913054 0.613115 0.662473 0.212428 0.321331 0.281056 0.642829 0.583091 0.0147844 0.168407 0.586386 0.120623 0.504837 0.219669 0.599799 0.527182 0.17978 0.584565 0.607663 0.772679 0.709685 0.851304 0.238038 0.412226 0.203307 0.548442 0.250079 0.658021 0.332214 0.0961563 0.546293 0.67037
0.767022 0 0.743531 0.594603 0.459022 0.539608 0.458833 0.555783 0 0.642262 0.635548 0.335576 0.579823 0.419067 0.813979 0.555548 0.49198 0.401164 0.261925 0.178113 0.445201 0.180326 0.603454 0.561358 0.173398 0.360411 0.288174 0.62829 0.75446 0.787101 0.903673 0.336407 0.232513 0.119916 0.458675 0.524878 0.437103 0.764459 0 0.351623 0.223875 0.516754 0.530514 0.139394 0 0.50652 0.320272 0.364124 0.273855 0.472219 0.593204 0.834264 0.573159 0.532166 0.801931 0.15863 0.513382 0.558705 0.397623 0.437546 0.596281 0.283659 0.822469 0.449158 0.341287 0.101573 0.674291 0.720368 0.528397 0.589929 0.384036 0.756135 0.351749 0.24756 0.498912 0.64281 0.254798 0.692764 0.37048 0.270391 0.297157 0.336947 0.599505 0.384976 0 0.896462 0.131453 0.720819 0.696694 0.777005 0 0.779174 0.694892 0.801593 0.629161 0.874156 0.529451 0.30532 0.47392 0.438795 0 0.471842 0.252852 0.390956 0 0.751295 0.260667 0.677563 0.179861 0.143615 0.537563 0.169171 0.297533 0.567132 0.347968 0.12442 0.864598 0.527841 0.731153 0.194845 0.117983 0.707052 0.609701 0.340638 0.476132 0.024349 0.50931 0.427742 0.719105 0.917284 0.57981 0.510688 0.560801 0.27642 0.538043 0.704412 0.488759 0.939652 0 0.56741 0.173906 0.16605 0.486848 0 0 0.228259 0.629318 0.40284 0.76777 0.538851 0.767504 0.16328 0.857075 0.839528 0.204625 0.585395 0.133981 0.86494 0.149343 0.663816 0.574325 0.443954 0.243759 0.687655 0.433575 0.804266 0.518552 0.782172 0.421373 0.391008 0.839979 0.748423 0.300068 0.496523 0.382631 0.0961662 0.550258 0.431241 0.38348 0.450174 0.738832 0.774944 0.132571 0 0.690035 0.448948 0.423592 0.902826 0.889593 0.454515 0.728862 0.807902 0.462658 0.167021 0.800648 0.276966 0.224175 0.462454 0.376604 0.235472
0.219593 0.170542 0.32007 0.0494979 0.482838 0.163976 0.537057 0.52795 0.642262 0 0 0.404193 0.309749 0.595003 0.395785 0.420586 0.658377 0.921209 0.407295 0.766588 0.307547 0.74003 0.137495 0.0831855 0.605533 0.509412 0.67526 0.234339 0.142463 0.276512 0.69751 0.512536 0.512331 0.759835 0.896389 1.03136 0.505191 0.280735 0.64552 0.757977 0.420046 0.986354 0.277925 0.502873 0.395207 0.543118 0.612677 0.549877 0.670132 1.0057 0.443744 0.586817 0.724123 0.478045 0.18495 0.572497 0.449296 0.348545 0 0.403304 0.463133 0.832744 0.261118 0.600709 0 0.741812 0.194182 0.735194 0.413175 0.278758 0.695052 0.208237 0.376112 0.589702 1.03902 0.462232 0.675245 0.479294 0.405147 0.411234 0.556121 0.653203 0.627504 0.308176 0 0.705981 0 0.1284 0.645342 0.151226 0.482057 0.177191 0.612201 0.314982 0.766438 0 0.562824 0 0.658043 0.29163 0.345594 0.248185 0.515891 0.265428 0.151034 0.111064 0.505502 0.0819089 0.766496 0 0.711892 0.593917 0.892638 0.0807244 0.517898 0.689002 0.719456 0.624008 0.183622 0.466694 0.684634 0.287633 0.232734 0.42128 0.192292 0.621621 0.20914 0.991455 0.0772759 0.727729 0.522725 0.132994 0.428983 0.474228 1.0703 0.0628658 0.974868 0.737036 0.675951 0.179065 0.791313 0.79404 0.521334 0.157417 0 0.846846 0.711578 0.333963 0.181618 0.642134 0.723629 0.538244 0.63632 0.211616 0.829984 0.594543 0.523726 0.223672 0.731525 0.498602 0.315317 0.614208 0.705994 0.184511 0.759253 0.75246 0.258847 0.657296 0.744202 0.943474 0.197745 0.5271 0.656215 0.755148 0.380843 0.729572 0.51323 0.603458 0.326143 0.454171 0.141462 0.614986 0.569015 0.213402 0.464391 0.259529 0 0.275109 0.247845 0.593369 0.441951 0.337028 0.667067 0.761398 0.596903 0.893847 0 0.486975 0.302786 0.551783
0.473761 0.424639 0.11096 0.263983 0.295378 0.371825 0.706962 0.302561 0.635548 0 0 0.528425 0 0.745711 0.190417 0.193464 0.462252 0 0.481557 0.797299 0.191496 0.781581 0.123919 0.269968 0.532144 0.64791 0.771217 0.478324 0.2267 0.160109 0.44368 0.641839 0.432722 0.753642 0.747954 0.895708 0.671052 0.132375 0.468581 0.859231 0.427575 0.839671 0.487802 0.509943 0.138437 0.335273 0.477822 0.687045 0 0.884728 0.203021 0.334169 0.510457 0.25967 0.413079 0.629435 0.644512 0.125558 0 0.241211 0.222233 0.740144 0.214306 0.415683 0.749847 0.735531 0.0839206 0 0.198757 0.0525857 0.539572 0.161447 0.287878 0.486376 0.918296 0.210116 0.759549 0.222097 0.547305 0.365239 0.434857 0.769216 0.396804 0.252503 0.541966 0.450816 0.611142 0.380684 0.396101 0.258212 0.673913 0.417801 0.360879 0.16699 0.543334 0.464859 0.347807 0.359028 0.816726 0.456802 0.431704 0.168994 0.424223 0.374368 0.392309 0.282669 0.412892 0.196611 0.703551 0.761712 0.507028 0.655547 0.816576 0.223856 0.378457 0.634185 0.462026 0.413528 0.439931 0.516137 0.716349 0 0.471857 0.314248 0.203524 0.611458 0.144214 0.887149 0.277405 0.473009 0.289628 0.244928 0.199568 0.577104 0.943198 0.269415 0.836036 0.483946 0.83418 0.106111 0.806686 0 0.320642 0.251626 0.326074 0.792107 0.48198 0.234425 0.42911 0.42978 0.470747 0.593456 0.382182 0.299562 0.782693 0.36477 0.501633 0.393189 0.76244 0.244986 0.0888932 0.431648 0.780593 0.441378 0.887381 0 0.463408 0.400237 0.871509 0.838083 0.361185 0.269802 0.529751 0.568325 0.526904 0.701502 0.289035 0.425172 0.463003 0.274026 0.202949 0.357428 0.613864 0.227729 0.207032 0.424426 0.843558 0 0.407489 0.75538 0.187003 0.172383 0.481478 0.703389 0.340141 0.832993 0.443042 0.297665 0.424663 0.640432
0.460179 0.35518 0.635154 0.355881 0.527177 0.253987 0.196368 0.621743 0.335576 0.404193 0.528425 0 0.246335 0.218747 0.717267 0.560146 0.652639 0.719724 0.097871 0.3957 0.393057 0.362108 0.436943 0.324229 0.410975 0.119729 0.271528 0.307376 0.543073 0.637971 0.925814 0.114202 0.373034 0.428491 0.749364 0.843754 0 0.627254 0.607497 0.353847 0.212777 0.823084 0.203139 0.232195 0.640459 0.597001 0.513693 0.158633 0.267217 0 0.60014 0.828877 0.738959 0.576859 0.519488 0.20206 0.195023 0.520377 0.682856 0.457672 0.613074 0.606166 0.647204 0.592057 0.227903 0.413408 0.523877 0.835731 0.535713 0.504592 0.604019 0.583357 0.354539 0.448989 0.826358 0.644157 0.274448 0.686082 0.0392862 0.295963 0.459075 0.250758 0.70486 0.322242 0.184841 0.925969 0.213582 0.437682 0.775414 0.55526 0.206251 0.491266 0.757134 0.666966 0.795287 0.921165 0.623747 0.389131 0.291136 0.123904 0.105967 0.373425 0.393283 0.155636 0.31021 0.512296 0.39041 0.469192 0.509071 0.469897 0.71026 0.214637 0.632141 0.354022 0.46855 0.438194 0.914265 0.656853 0 0.149491 0.322069 0.594738 0 0.385914 0.324912 0.325795 0.385391 0.759058 0.477376 0.948946 0.634997 0.30373 0.56881 0.0761137 0.864403 0.464455 0.799661 0.966408 0.308067 0.426479 0.432503 0.443146 0.570636 0.287099 0.558163 0.563715 0.767587 0.37052 0.474395 0.673868 0.858565 0.178685 0.867654 0.615685 0.539483 0.678073 0.287476 0.604026 0.363928 0.677533 0.513186 0.596499 0.308224 0.381142 0.363265 0.895081 0.197496 0.833864 0.347609 0.718863 0.586245 0.746253 0.527935 0.70688 0.0470924 0.431273 0.609667 0.581781 0.0781414 0.502164 0.536089 0.807873 0.213951 0.609656 0.676443 0.149341 0.747765 0.620074 0.629444 0.233652 0.689583 0.682416 0.638624 0.497952 0.814092 0.612263 0.37455 0.532284 0.106882 0
0.247877 0.168296 0.619902 0.279989 0.656119 0.163779 0.266552 0.733725 0.579823 0.309749 0 0.246335 0 0.340385 0.699536 0.644113 0.81283 0.950929 0.322891 0.635542 0.482815 0.599695 0.414495 0.266436 0.630276 0.287996 0.477418 0.0932436 0.444693 0.585889 0.976281 0.303687 0.568851 0.674761 0.966074 0 0.245367 0.58792 0.779129 0.542734 0.414926 1.04604 0.0604169 0.463186 0.670946 0.726778 0.704598 0.320812 0.478307 1.0313 0.678349 0.868459 0.893971 0.683161 0 0.446993 0.159175 0.583249 0.899216 0.574284 0.69563 0.841167 0.568686 0.750194 0.406918 0.659742 0.492954 0.95417 0.626348 0.535566 0.79667 0.517986 0.493083 0.651677 1.06164 0.711403 0.492088 0.741598 0.217044 0.470189 0.645364 0.433562 0.829487 0.433789 0.0654212 0.981547 0.459909 0.267258 0.876723 0.442817 0.191807 0.30406 0.849939 0.623636 0.946156 0.989096 0.751886 0.557589 0.387279 0.150867 0.284355 0.436153 0.584254 0.245746 0.159849 0.387554 0.577946 0.391545 0.748617 0.716079 0.871291 0.456706 0.874053 0.312441 0.635361 0.674612 0.984525 0.800029 0.230301 0.387259 0.565966 0.583324 0.0839579 0.536669 0.364401 0.568131 0.421977 0 0.356846 0 0.738533 0.296507 0.653369 0.317007 1.09866 0.349397 1.0255 1.01703 0.404199 0.432451 0.675387 0.687505 0.700731 0.299157 0.415376 0.808006 0.905033 0.481855 0.281409 0.81842 0.960203 0.42501 0.914915 0.491168 0 0.79837 0.511893 0.438123 0.605634 0.748294 0.56093 0.758859 0.530049 0.181893 0.513105 0.993735 0.0843779 0.912263 0.500311 0.955302 0.431199 0.797153 0.730722 0.887162 0.199723 0.675925 0.719535 0.744978 0.201893 0.626977 0.448736 0.876229 0.460248 0.516819 0.728448 0 0.981704 0 0.461696 0.325279 0.720986 0.644939 0.807833 0.738414 0.868467 0.856776 0.573504 0.661208 0.224783 0.389433
0 0.49925 0.850972 0 0.731732 0.432231 0.078246 0.829462 0.419067 0.595003 0.745711 0.218747 0.340385 0 0.933386 0.775258 0.83832 0.818911 0.292689 0.378561 0.609987 0.339474 0.64863 0.522105 0.554244 0.0996044 0.176593 0.430421 0.737362 0.847401 1.14269 0 0.547633 0.461876 0.875648 0 0.0954222 0.839174 0 0.213838 0.40141 0.935813 0.334249 0.380829 0.859206 0.799261 0.682575 0.0664513 0.185096 0.885987 0.81564 1.04701 0.925246 0.787063 0.671079 0.262261 0.188053 0.738323 0.812516 0.668099 0.827729 0.701235 0.849974 0.781033 0.0942178 0.453586 0.735841 1.0375 0.750067 0.723173 0.766542 0.788695 0.56256 0.610476 0.910235 0.860703 0.206294 0.903574 0.19899 0.492923 0.635271 0.115946 0.906579 0.537907 0.281171 1.14223 0.293301 0.595333 0.983695 0.744592 0.162113 0.639625 0.967886 0.878584 0.982619 1.13561 0.825945 0.582118 0.0729692 0.304676 0.322656 0.592158 0.570366 0.371377 0.470343 0 0.570514 0.668213 0.596005 0.513403 0.893649 0.250032 0.700202 0.558329 0.657826 0.542364 1.12834 0.85169 0.567932 0.305552 0.340637 0.810671 0 0.587792 0.542332 0.422171 0.603486 0.835103 0.661193 0 0.844827 0.513259 0.783708 0.19394 0.949936 0.650057 0.907582 1.18311 0.0894259 0.642352 0.427785 0.448069 0.773498 0.499477 0.734137 0.622014 0.962519 0 0.618297 0.867567 1.0657 0.270945 1.08507 0.801317 0.594801 0.881936 0.437902 0.768223 0.360992 0.893336 0.731859 0.782804 0.243401 0.518201 0.172796 1.10269 0.344977 1.04701 0.159947 0.803599 0.7564 0.963848 0.683919 0.876387 0.220953 0.498636 0.818245 0.768131 0.284009 0.708876 0.733947 1.023 0.29131 0.80729 0.894276 0.337951 0.838598 0.764859 0.792877 0.0370996 0.908297 0.895293 0.818923 0.582154 0 0.665614 0.546096 0 0.321143 0.187492
0.58549 0.564959 0.0825579 0.419588 0.413753 0.539419 0.891352 0.373343 0.813979 0.395785 0.190417 0.717267 0.699536 0.933386 0 0.292806 0.547605 0.93056 0.671945 0.980781 0.370159 0.967012 0.290242 0.435256 0.693752 0.83637 0.961508 0.629867 0 0.135029 0.334767 0.831071 0.597781 0.929736 0.856926 1.00856 0 0.117826 0.572544 1.04954 0.613992 0.946303 0.658103 0.694158 0.143801 0.42452 0.612554 0.875859 0.952154 1.00783 0.273287 0.229747 0.568911 0.351292 0.499596 0.818108 0.82209 0.260149 0.812414 0.389757 0.284976 0.88427 0.194129 0.517923 0.93995 0.911947 0.206832 0.488129 0.31347 0.226687 0.655201 0.202121 0.462259 0.637722 1.04057 0.242254 0.949429 0.212139 0.734488 0.54469 0.581072 0.959509 0.441188 0.437728 0.715182 0.348911 0.798712 0 0.393755 0 0.852781 0.515416 0.355942 0.0955372 0.584444 0.380658 0.425435 0.52123 1.00369 0.638725 0.621888 0.357789 0.585197 0.562268 0.545146 0.367939 0.574347 0.31601 0.862354 0.93296 0.577497 0.844419 0.966301 0.390647 0.519962 0.798436 0.38232 0.487322 0.559308 0.705266 0.900959 0.122721 0.627117 0.479145 0.392712 0.789662 0.334562 1.02028 0.380422 0.367001 0.349579 0.424342 0.293001 0.767382 1.06056 0.379288 0.948617 0.36922 1.02129 0.291049 0.987033 0.979962 0.420923 0.43506 0.388353 0.951616 0.517708 0.411669 0.533401 0.498945 0.444138 0.782292 0.27993 0.324574 0.945286 0.415943 0.680332 0.439722 0.946359 0.256827 0.239852 0.534358 0.969781 0.574793 1.07743 0.458829 0 0.351306 1.06157 0.972055 0.412278 0.216205 0.665699 0.653971 0 0.872603 0.364793 0.53258 0.649653 0.402924 0.278919 0.303222 0.801493 0.246731 0.200268 0.605547 0.971433 0.525935 0 0.9415 0.141075 0.0715839 0.575936 0.864142 0.263538 0 0.607948 0.413886 0.612343 0.830761
0.63975 0.570957 0.251374 0.4095 0.120971 0 0.754909 0.110175 0.555548 0.420586 0.193464 0.560146 0.644113 0.775258 0.292806 0 0.271304 0.638247 0.484876 0.731235 0.16902 0.724591 0.285556 0.401642 0.414095 0.675972 0.755969 0.608694 0.418766 0.336126 0.369082 0.663445 0.325672 0.663862 0.569575 0.720256 0.718513 0.304083 0.285249 0.842248 0.392633 0.660347 0.587759 0.457381 0.150402 0.143467 0.320247 0 0.744256 0.716455 0.0407772 0.283176 0.317096 0.0667086 0.593909 0.597733 0 0.0728394 0.521768 0.119297 0.0532777 0.592576 0.399154 0.230698 0.755484 0.647008 0.276745 0.31693 0.0274668 0.149493 0.364385 0.353283 0 0.35133 0.749452 0.089396 0.736284 0.138258 0.589521 0.304833 0.293019 0.769614 0.207994 0.237907 0.632068 0.367419 0.57191 0.548926 0.233156 0.450393 0.74256 0.59379 0.205964 0.326233 0.351863 0.361043 0.154399 0.250418 0.848224 0.52898 0.454221 0 0.308798 0.427467 0.527305 0.469365 0.299051 0 0.577432 0.659474 0.313884 0.624512 0.675915 0.361019 0.231144 0.519079 0.354284 0.220215 0.602522 0.494699 0.657176 0.233508 0.597789 0.216692 0.27994 0.531502 0.226627 0.727541 0.458496 0.390217 0.102141 0.352868 0.00925921 0.586264 0.770847 0.448177 0.660217 0.408943 0.864305 0.24156 0.728844 0.718043 0.13276 0.345875 0.516314 0.66633 0.292989 0.190567 0.601311 0.236326 0.316202 0.564826 0.314106 0.493008 0.662401 0.175161 0.427898 0.584533 0.698999 0.1185 0.109246 0.24715 0.748392 0.593022 0.889988 0.349658 0.56229 0.275049 0.874324 0.679263 0 0.196674 0.373319 0.378469 0.574756 0.599943 0.0961198 0.243322 0.51452 0.113072 0.395003 0.247815 0.574908 0.419933 0.134526 0.502216 0.679135 0.662506 0.599873 0.793453 0.177315 0.319297 0.293781 0.580662 0.258327 0.701265 0.335123 0.121096 0.473635 0.631355
0.869258 0.78379 0.519484 0.634681 0.175838 0.677682 0.843259 0.17428 0.49198 0.658377 0.462252 0.652639 0.81283 0.83832 0.547605 0.271304 0 0 0.557304 0.663413 0.353836 0.671625 0.534738 0.617012 0.318594 0.747736 0.760655 0.802996 0.682699 0.607009 0.468441 0.72856 0.291425 0.566034 0.313677 0.465281 0.809784 0.57481 0.0596701 0.836013 0.441819 0.400503 0.752518 0 0.405537 0.127853 0.171763 0.772332 0 0.473481 0.277397 0.440583 0.0869566 0.204804 0.841048 0.600733 0.841065 0.336876 0.279878 0.255852 0.263388 0.39738 0.670455 0.0626413 0.788956 0.553627 0.543569 0.23315 0.26353 0.413828 0.138751 0.623413 0.319775 0.245045 0.504483 0.305782 0.731831 0 0.689993 0.357334 0.205146 0.794511 0.136804 0.382302 0.781796 0.455144 0.568654 0.784326 0.238859 0.714179 0.857346 0.835567 0.255132 0.59473 0.144307 0.419814 0.122244 0.26396 0.907483 0 0.556561 0.412746 0.268325 0.568752 0.732513 0.725887 0.267806 0.632057 0.426871 0.540943 0.0585872 0.624049 0.485942 0.585769 0.184139 0.400471 0.409035 0.0638821 0.829937 0.532784 0.609699 0 0.788392 0.276725 0.480419 0.473049 0.449349 0.499339 0.709696 0.471639 0.198551 0.557875 0 0.646588 0.519673 0.697606 0.406064 0.496016 0.920495 0.48592 0.642598 0.624178 0.142072 0.541936 0 0.504904 0.138083 0.338709 0.838789 0 0.290254 0.578143 0 0.7608 0.511424 0.14466 0.407724 0.845623 0.639193 0.298614 0.374128 0.0561442 0.729693 0.809815 0.907129 0.324486 0.728648 0.335732 0.892993 0.454988 0.813633 0.373072 0.20266 0 0.683952 0.491249 0.183601 0 0.637325 0.204207 0.659198 0.349639 0.571493 0.689903 0.352006 0.654827 0.444508 0 0.862888 0 0.411173 0.585364 0.0368844 0.436125 0.392058 0.525527 0.294118 0.171968 0.601093 0.660528
1.09538 0.991773 0.886235 0.881998 0.51793 0.869999 0.859822 0.567185 0.401164 0.921209 0 0.719724 0.950929 0.818911 0.93056 0.638247 0 0 0.629921 0.488817 0.633432 0.518535 0.83163 0.853655 0 0.760736 0.671963 0.980252 0.993187 0.96165 0.868403 0.736815 0.409768 0 0.122106 0.124365 0.837094 0.931448 0.363775 0.713738 0.539998 0.125181 0 0.489265 0.786987 0.511034 0.325214 0.765257 0.658331 0.0844954 0.658467 0 0.436044 0.580032 1.10242 0.559792 0.908117 0.684771 0.125671 0 0.649293 0.117685 1.01689 0.416504 0.736502 0.378731 0.872113 0.6061 0 0.750445 0.277022 0.958752 0.54797 0.33179 0.117896 0.696856 0.636774 0.740464 0.757686 0.513883 0.372511 0.728058 0.54057 0.613766 0.897859 0.853497 0.531754 1.02893 0.63915 1.02218 0.909804 1.08695 0.659208 0.959236 0.468975 0 0 0.462852 0.869759 0 0.667609 0.686584 0.405338 0.723812 0.936075 1.01569 0.415832 0.9258 0.222998 0.32664 0.406191 0.569093 0.151587 0.840515 0.42496 0.283042 0 0.468561 1.05625 0.570282 0.487436 0.861693 0.962235 0.506105 0.729505 0.402252 0.730286 0.0945419 0.990088 0 0.594104 0.792908 0.637617 0.671406 0.150249 0.975808 0.0924833 0.892366 0.876027 0.783844 0.444201 0.419197 0.510642 0.769921 1.07074 0.223897 0.511703 0.596638 1.08192 0.465227 0.673834 0.561385 0.844782 1.07897 0.248762 0.549484 0.439062 1.13846 0.48592 0.696914 0.717062 0.400635 0 1.02086 0.806703 0.702054 0.877862 0.735996 0.797346 0.0562228 1.1086 0.775856 0.273847 0.321798 0.76511 0.322772 0.572216 0.399987 0.749066 0.532961 0.972016 0.753877 0.533124 1.02116 0 0.801104 0.0408887 0 1.16023 0.854846 0.802975 0.955219 0.369758 0.237064 0.797061 0.204704 0.40146 0.517345 0.729193 0.636631
0.50704 0.399066 0.591709 0.357834 0.439672 0.282587 0.286548 0.536868 0.261925 0.407295 0.481557 0.097871 0.322891 0.292689 0.671945 0.484876 0.557304 0.629921 0 0 0.323614 0.332754 0.408074 0.324112 0.315483 0.195348 0.289922 0.366405 0.536535 0.608379 0.85364 0.180019 0 0.368479 0.654188 0 0.252556 0.593206 0.510909 0.377817 0.11579 0.72981 0.270335 0.140766 0.580398 0.508072 0.4159 0.226817 0.281187 0.709302 0.525524 0.76142 0.643941 0.494428 0.549896 0.165255 0.292651 0.453592 0.587474 0.375591 0.536777 0.518703 0.627594 0.497429 0.273082 0.351644 0.491844 0.746829 0.459102 0.450099 0.506149 0.561452 0.269885 0.351228 0 0.571825 0.280641 0.616441 0.136976 0 0.361666 0.29002 0.615774 0.250129 0.267952 0.852295 0.161446 0.467657 0.691093 0.553724 0.303959 0.524901 0.675245 0.632881 0.700629 0.844039 0.534825 0.29502 0.365315 0.177363 0.0617283 0.316293 0.295774 0.142126 0.347277 0.518342 0.293227 0.459482 0.425881 0.403432 0.614535 0.187483 0.551952 0.342511 0.373603 0.35176 0.836571 0.564365 0.47226 0 0.279174 0.551538 0.347817 0.296219 0.283582 0.247649 0.33773 0.674661 0.484144 0.875084 0.552148 0.286486 0.493093 0.101419 0.776621 0.470033 0.707416 0 0.380795 0.387217 0.388273 0.393999 0.482041 0.264855 0.569038 0.488301 0.675339 0.294553 0.51154 0.580979 0.773309 0.131076 0.797216 0.616149 0.465835 0.590288 0.192879 0.622828 0.325464 0 0.452095 0.501179 0.306052 0.427336 0.409975 0.810222 0.257038 0.754869 0.394107 0.632616 0.601015 0 0.430299 0.609317 0.138134 0.357698 0.525574 0.486433 0.122409 0.416334 0.525545 0.732057 0.163085 0.597408 0.608162 0.187371 0.659677 0.651493 0.6481 0.314874 0.627767 0.645556 0.542184 0.415929 0.742315 0.53723 0.276697 0.444679 0.116252 0.159072
0.855168 0.748922 0.907212 0.717263 0.637003 0.63893 0.44226 0.733891 0.178113 0.766588 0.797299 0.3957 0.635542 0.378561 0.980781 0.731235 0.663413 0.488817 0 0 0.610633 0.0391591 0.750271 0.683467 0.346742 0.362803 0.205253 0.702965 0.891313 0 1.08177 0.341366 0.410345 0.113244 0.576081 0.602376 0.433825 0.922503 0.603912 0.226839 0.371081 0.613518 0.598119 0.287357 0.862883 0.684354 0.492128 0.346592 0.194556 0.540557 0.769509 1.01139 0.741572 0.709905 0.907474 0.197297 0.527933 0.729907 0.524463 0.612449 0.773234 0.378235 0.971849 0.624108 0.284896 0.117744 0 0.89433 0.703916 0.754623 0 0.905059 0.521127 0.421902 0.559347 0.819199 0.172674 0.869009 0.419245 0.43677 0.473985 0.267425 0.775767 0.54481 0.570637 1.07457 0.199503 0.825051 0.873956 0.910549 0.515405 0.881119 0.872791 0.96082 0.796201 1.05205 0.707004 0.481881 0.409742 0.517379 0.421769 0.629612 0.430928 0.502178 0.700752 0.877621 0 0.813768 0.280238 0 0.705467 0.181156 0.348027 0.698258 0.525977 0.268512 1.04244 0.702841 0.82332 0.300346 0.0827475 0.869319 0.684938 0.514997 0 0.201201 0.663197 0.481114 0.843693 1.09538 0.757908 0.641332 0.736819 0.320526 0.598841 0 0.581297 1.11776 0.41138 0.719612 0.0503095 0.0736864 0.664906 0.618174 0.928921 0.268522 0.801434 0.569526 0.866026 0.712973 0.943494 0.229293 1.0349 0.973278 0.241823 0.762621 0.304062 0.982928 0.0354664 0.841073 0.742644 0.617848 0.138298 0.775701 0.321978 0.980021 0.593168 0.960124 0.314475 0.459272 0.961151 0.925318 0.46485 0.655862 0.439095 0.183507 0.728354 0.605705 0.464611 0.627545 0.878306 0.953043 0.197575 0.947998 0.865739 0.537282 0.498026 1.00901 1.00822 0.41539 0.902561 0.969186 0.632145 0.265791 0.97843 0.303961 0.402174 0.64048 0.472711 0.246194
0 0.431629 0.298332 0 0.18133 0.332658 0.586732 0.250914 0.445201 0.307547 0.191496 0.393057 0.482815 0.609987 0.370159 0.16902 0.353836 0.633432 0.323614 0.610633 0 0.597425 0.198893 0.263423 0.343913 0.510415 0.605283 0.45771 0.359915 0.348309 0.532837 0.499218 0.243914 0.562632 0.595122 0.735947 0.550271 0.322868 0.338021 0.692971 0.246693 0.686299 0.42473 0.324378 0 0.248632 0.312833 0.54617 0.594603 0.717133 0.208019 0.43802 0.425579 0.200413 0.492168 0.453684 0.549472 0.130067 0.535505 0.0983404 0.222297 0.559708 0.393395 0.294426 0.596575 0.544589 0.243949 0.471378 0.146987 0.144738 0.390026 0.330699 0 0.305752 0.750817 0.251106 0.589232 0.293681 0.42128 0.174958 0.260993 0.612647 0.347528 0.0736415 0.466007 0.532928 0.431866 0.431434 0 0.389318 0.573597 0.484198 0.372751 0.358452 0.47304 0.529343 0.272211 0.174046 0.682898 0.36106 0.287548 0.0594423 0.238088 0.258669 0.38214 0.387841 0.226706 0.29523 0.515321 0.570221 0.409399 0.480412 0.632067 0.232392 0.214243 0.444186 0.522866 0.326793 0.476101 0.343738 0.531068 0.262266 0.444788 0.129022 0.127691 0.420991 0.100245 0.712262 0.366295 0.555914 0.256528 0.205494 0.178034 0.424643 0.779077 0.35298 0 0.57338 0.699332 0.15049 0.617465 0.611221 0.223893 0 0.441796 0.603182 0.425867 0.0429395 0.486083 0.345343 0.480476 0.418683 0.475105 0.445536 0.592734 0.315942 0.311233 0.510797 0.576267 0.284843 0.133535 0.307364 0.60609 0.456949 0.732988 0.515295 0.399431 0 0.717163 0.663233 0.479834 0.354003 0.360838 0.447936 0.406007 0.510029 0.236727 0.296216 0 0.151638 0.33859 0.415571 0.434737 0.39003 0 0.335462 0.673031 0.576827 0.5311 0.626701 0.305463 0.363303 0 0.514355 0.421131 0.64533 0 0.186022 0.304618 0.476809
0 0.716537 0.892043 0.69058 0.634851 0.608451 0.403163 0.733117 0.180326 0.74003 0.781581 0.362108 0.599695 0.339474 0.967012 0.724591 0.671625 0.518535 0.332754 0.0391591 0.597425 0 0.729412 0.656844 0 0.324595 0.166867 0 0.867194 0 1.07985 0.303468 0.40848 0.141015 0 0.634185 0.395057 0.904883 0.6125 0.195204 0.354043 0.6426 0.563648 0.273054 0.852567 0.68528 0.499868 0.307669 0.155818 0.573202 0.763541 1.00632 0.751724 0.706711 0.876936 0.167827 0.489607 0.719435 0.547446 0.605366 0.768228 0.405732 0.951054 0.629483 0.245914 0.141312 0.808171 0.900657 0.697158 0.740399 0.558763 0.884297 0.510564 0.427748 0.593008 0.813244 0 0.862764 0.384115 0.425448 0.477234 0.228861 0.779627 0.529623 0.534594 1.07336 0.174991 0.794544 0.87617 0.885557 0.476658 0.850076 0.873302 0.943578 0.807165 1.05247 0.708695 0.477287 0.371674 0.484769 0.394478 0.613043 0.430017 0.474822 0.669287 0.851086 0.436895 0.789749 0.304732 0.192581 0.715867 0.148869 0.381018 0 0.526443 0.283993 1.04307 0.708166 0.790997 0.276051 0.0674151 0.853604 0.650935 0.507899 0 0.201339 0.645036 0 0.816897 1.09451 0.756398 0.616816 0.730558 0.286369 0.632644 0.802784 0.610875 1.11653 0.37377 0.700593 0.0886139 0.110528 0.664814 0.594078 0.901695 0.301163 0.809241 0.557189 0.834459 0.719132 0.947668 0.201818 1.03155 0 0.27405 0.764968 0.296819 0.954405 0.034416 0.836499 0.730349 0.624181 0.100541 0.742967 0.288858 0.984482 0.559536 0.960349 0.280435 0.491372 0.933307 0.91996 0.476257 0.670128 0.404568 0.204698 0.726855 0.611536 0.43285 0.623666 0.854906 0.951324 0.172709 0.925392 0.858821 0.505847 0.529638 0.978327 0.979763 0.376333 0 0.952787 0.641554 0.290079 0.974978 0.338741 0 0.638556 0.443087 0.210348
0.356825 0.301224 0.208324 0.140072 0.359246 0.25167 0.602832 0.394455 0.603454 0.137495 0.123919 0.436943 0.414495 0.64863 0.290242 0.285556 0.534738 0.83163 0.408074 0.750271 0.198893 0.729412 0 0.14806 0.532034 0.553859 0.695495 0.354571 0.161782 0.201543 0.56754 0.551054 0.433136 0.72337 0.793367 0.934837 0.567835 0.19063 0 0.782395 0.381879 0.884742 0.369542 0.467832 0 0.414424 0.511682 0.594097 0.68781 0.915544 0.306857 0.457791 0.595302 0.345658 0.309166 0.567743 0.531877 0.212893 0.734285 0.285275 0.326314 0.754023 0.221659 0.480164 0.663915 0.705027 0.0872202 0.598338 0.280573 0.141306 0.586995 0.154887 0.285984 0.501882 0.949207 0 0.688485 0.343273 0.449932 0.343878 0.459544 0.685433 0.493403 0.227347 0.425693 0.574733 0.554739 0.264687 0.507965 0.190577 0.562543 0.308234 0.47471 0.230205 0.634984 0.588175 0.432326 0.369651 0.717527 0.349489 0.351138 0.145644 0.43121 0 0.268502 0.191847 0.420025 0.0979373 0.701121 0.739755 0.585809 0.592364 0.822457 0.102129 0.412682 0 0.585068 0.495422 0.321115 0.454627 0.667637 0.169964 0.348493 0.32565 0.128853 0.580528 0.102026 0.908816 0.175267 0.596926 0.387517 0.135613 0.293653 0.495043 0.977821 0.163823 0.876567 0.607733 0.735293 0 0.766888 0.76528 0.39443 0.149878 0.244361 0.786595 0.578113 0 0.316168 0.513139 0.58614 0.531671 0.506053 0.248242 0.773247 0.460489 0.473661 0.313734 0.714825 0.361253 0.178518 0.494727 0.71392 0.318937 0.80014 0.615101 0.345934 0.520876 0.784442 0.859932 0.282282 0.393191 0.559623 0.635703 0.427683 0.681177 0.379877 0.48534 0.364938 0.332137 0.141578 0.479411 0.557166 0.201883 0.328615 0.316079 0.870971 0.384452 0.333142 0.654435 0.310859 0.246704 0.547191 0.698377 0.463819 0.8311 0.443006 0 0.330189 0.565528
