50
0 0.282822 0.62156 0.804819 0.847752 0.47615 0.235892 0 0.72478 0.236284 0.891878 0.30081 0.882995 0.364304 0.532025 0.582393 0.930192 0.301137 0.495672 0.107382 0.795281 0.182272 0.367241 0.625818 0.889297 0.725975 0.762578 1.00273 0.972208 0.270368 0.722072 0.876563 0.349136 0.140079 0.903499 0.901601 0.773679 0.522522 0.864603 0.430417 0.116783 0 0.902826 0.390668 0.488927 0.200445 0.363976 0.0834386 0.80633 0.50917
0.282822 0 0.343733 0.525583 0.572563 0.383051 0.26793 0.273356 0.452804 0.259919 0.621764 0.256149 0.652707 0.205458 0.364941 0.305294 0.648434 0.054564 0.239925 0.179433 0.614846 0.108003 0.187262 0.382121 0.609936 0.465297 0.62784 0.751821 0 0.31887 0.516838 0.596548 0.14368 0.333518 0.668719 0.622059 0.497316 0.465873 0.624746 0.384644 0.210928 0.0823098 0.6215 0.258358 0.365265 0.219489 0.398171 0.200283 0.549953 0.274625
0.62156 0.343733 0 0.183418 0.229226 0.575351 0.582062 0.126994 0.259969 0.508452 0.394864 0 0.382854 0.335646 0.331397 0.0393175 0.347978 0.348101 0.153192 0.514563 0.618728 0.439441 0.313283 0.164052 0.333751 0.319676 0.699568 0.573222 0.361728 0.625718 0.501913 0.316875 0.371119 0.638223 0.38825 0.343188 0.153692 0.665986 0.49921 0.617615 0.553638 0.304353 0.32759 0.365237 0.532913 0.493043 0.679787 0.541423 0.392431 0.190092
0.804819 0.525583 0.183418 0 0.0668321 0.708528 0.752287 0.275026 0.27527 0.684833 0.330216 0.700831 0.336418 0.507013 0.459583 0.222713 0.214136 0.525408 0.326858 0.697915 0.667956 0.622788 0.487076 0.264122 0.233498 0.344889 0.773502 0.517181 0.200651 0.79265 0.558058 0.217228 0.535493 0.819491 0.327996 0.237248 0.0457282 0.795451 0.491223 0.761444 0.734035 0.487551 0.206662 0 0.661609 0.672891 0.836965 0.724316 0.385511 0.346813
0.847752 0.572563 0.229226 0.0668321 0 0.773032 0.808047 0.333919 0.341002 0.712997 0.382273 0.759356 0.28522 0.532812 0.463602 0.267277 0.247027 0.576867 0.358744 0.740411 0.733287 0.665513 0.515089 0.270412 0.279796 0.410371 0.840007 0.566865 0.13702 0.849857 0.624154 0.264958 0.593035 0.853238 0.27328 0.28118 0.0757511 0.860523 0.551193 0.824532 0.782798 0.527713 0.246805 0.547934 0.726515 0.705154 0.897364 0.768828 0.447166 0.368585
0.47615 0.383051 0.575351 0.708528 0.773032 0 0.244602 0.449524 0.481309 0.608207 0.603736 0.17566 0.953098 0.58796 0.736874 0.551758 0.718077 0.330502 0.561559 0.443387 0.342445 0.427258 0.568089 0.693401 0.656349 0.437362 0.287094 0 0.909141 0.230936 0 0.651737 0.24725 0 0.961362 0.668279 0.703499 0.0913375 0.490154 0.0756867 0.362524 0.461152 0.688523 0.641284 0.0497953 0.559946 0.190163 0.423045 0.484399 0.615315
0.235892 0.26793 0.582062 0.752287 0.808047 0.244602 0 0.478064 0.596877 0 0.751469 0.0783811 0.918563 0.452862 0.623872 0.547371 0.826791 0.239824 0.504366 0.230333 0.578184 0.247796 0.441549 0.647327 0.774504 0.577796 0.531557 0.829451 0.943122 0.0523431 0.521273 0.765095 0.218539 0.370551 0.933449 0.787101 0.732567 0.286724 0.684255 0.194529 0.131675 0.346751 0.797375 0 0.265455 0.362275 0.145197 0.199137 0.647385 0.542417
0 0.273356 0.126994 0.275026 0.333919 0.449524 0.478064 0 0.201436 0.490739 0.365607 0.425902 0.509452 0.342297 0.397523 0.111542 0.375108 0.260001 0.188548 0.452719 0.507902 0.379757 0.316278 0.271562 0.338885 0.240815 0.579063 0.52254 0.470737 0.51769 0.39132 0.324741 0.260553 0.598426 0.515226 0 0.260085 0 0.422632 0.49464 0.471102 0.264373 0.348384 0.385836 0.40636 0.464122 0.563519 0.472441 0 0.246036
0.72478 0.452804 0.259969 0.27527 0.341002 0.481309 0.596877 0.201436 0 0.688504 0.169024 0.528348 0.597806 0.543693 0.583878 0.274439 0.237618 0.42409 0.381602 0.628999 0.392782 0.560664 0.517705 0.423337 0.179214 0 0.50033 0.322347 0.463835 0.624454 0 0.172114 0 0.785782 0.594228 0.191691 0.293576 0.559154 0.239703 0 0 0.460225 0.207871 0.586412 0.431623 0.658721 0.642437 0.641761 0.132469 0.434172
0.236284 0.259919 0.508452 0.684833 0.712997 0.608207 0 0.490739 0.688504 0 0.855698 0.444769 0.687369 0.180742 0.318256 0.470867 0.851182 0.310522 0.35808 0.180775 0.872761 0.181421 0.198098 0.456951 0.824914 0.712335 0.875463 1.00082 0.821422 0.458746 0.776652 0 0.395897 0.155293 0.71087 0.836079 0.645686 0.677739 0.879888 0.586753 0.283221 0 0.827685 0.181102 0.602439 0.0487366 0.55499 0.216759 0.798292 0.345737
0.891878 0.621764 0.394864 0.330216 0.382273 0.603736 0.751469 0.365607 0.169024 0.855698 0 0.679042 0.665672 0 0.72626 0.419134 0.165722 0 0.534545 0 0 0.729566 0.67971 0.547974 0.107016 0.173863 0.54436 0.18755 0.47071 0.774101 0.335506 0.118937 0.549913 0.954807 0.655288 0.110874 0.366449 0.669695 0.190341 0.675318 0.790278 0.627903 0.147732 0.744992 0.554581 0 0 0.809171 0.123462 0.581841
0.30081 0.256149 0 0.700831 0.759356 0.17566 0.0783811 0.425902 0.528348 0.444769 0.679042 0 0.890784 0.4565 0.620938 0.50586 0.761494 0.214983 0.478658 0.272136 0.501735 0.268488 0.441204 0.620484 0.707089 0.505179 0.461773 0.752112 0.895749 0.0961513 0.442912 0.698498 0.166972 0.428226 0.903705 0.719648 0.684666 0.233614 0.606541 0.141989 0.186913 0.338416 0.731858 0.506651 0.190119 0.396035 0 0.24875 0.572384 0.523042
0.882995 0.652707 0.382854 0.336418 0.28522 0.953098 0.918563 0.509452 0.597806 0.687369 0.665672 0.890784 0 0.520535 0.372517 0.401867 0.530477 0.679774 0.414218 0 0.985757 0.714154 0 0.271259 0.564802 0.666927 1.07748 0.851507 0.260961 0.967754 0.870991 0.549649 0.729251 0.842257 0.0282254 0.566392 0.306493 1.04433 0.825537 0.988677 0.853534 0.581003 0.531904 0.506466 0.912779 0.699303 1.03623 0.817736 0.718226 0.380572
0.364304 0.205458 0.335646 0.507013 0.532812 0.58796 0.452862 0.342297 0.543693 0.180742 0 0.4565 0.520535 0 0.173994 0.30008 0.682817 0.257493 0.182604 0.267561 0.791487 0.211696 0.0263958 0.277277 0 0 0.821127 0.864442 0.640882 0.505205 0.683882 0 0.343815 0.328669 0.542171 0.673014 0.466718 0.671331 0 0.589338 0.354868 0.12778 0 0.0541559 0.567687 0.181111 0.592853 0 0.664573 0
0.532025 0.364941 0.331397 0.459583 0.463602 0.736874 0.623872 0.397523 0.583878 0.318256 0.72626 0.620938 0.372517 0.173994 0 0.309919 0.663711 0.411182 0.209638 0.439896 0.894605 0.385635 0.182361 0 0.66033 0.634911 0.944186 0.903013 0.54387 0.676139 0.780491 0.643102 0.48967 0.47351 0.397434 0.66865 0.414233 0.824213 0.81758 0.747537 0.528862 0.282634 0.647982 0.141659 0 0.336807 0.761113 0.479351 0.714842 0.151558
0.582393 0.305294 0.0393175 0.222713 0.267277 0.551758 0.547371 0.111542 0.274439 0.470867 0.419134 0.50586 0.401867 0.30008 0.309919 0 0.38274 0.311561 0.118963 0.475346 0.616286 0.400231 0.277015 0.16128 0.364669 0.329065 0.690493 0.593234 0.398286 0.591955 0.499378 0.34811 0.339319 0.599295 0.409604 0.374649 0.192075 0.642859 0.510964 0.590725 0.515602 0.265049 0.361193 0.332227 0.510933 0.454527 0.648794 0.502435 0.406221 0.162722
0.930192 0.648434 0.347978 0.214136 0.247027 0.718077 0.826791 0.375108 0.237618 0.851182 0.165722 0.761494 0.530477 0.682817 0.663711 0.38274 0 0.631454 0.500947 0.827824 0.573682 0.754729 0.659635 0.470954 0.066058 0.284648 0.699497 0.332316 0.311616 0.85758 0.484071 0.0666088 0.61152 0.970391 0.516087 0.0571199 0.258701 0.793587 0.355559 0.784206 0 0.63315 0.0298033 0.713121 0.668303 0.830736 0.879522 0.846873 0.273323 0.535319
0.301137 0.054564 0.348101 0.525408 0.576867 0.330502 0.239824 0.260001 0.42409 0.310522 0 0.214983 0.679774 0.257493 0.411182 0.311561 0.631454 0 0.265784 0.206073 0.56249 0.144196 0.237751 0.408583 0.588661 0.429699 0.573364 0 0.709689 0 0.46674 0.576256 0.0891219 0.370312 0.694096 0.601028 0.501123 0.414912 0.582217 0.336356 0.211111 0.130895 0.603558 0.310996 0.311228 0.26788 0.359886 0.217859 0.512758 0.308166
0.495672 0.239925 0.153192 0.326858 0.358744 0.561559 0.504366 0.188548 0.381602 0.35808 0.534545 0.478658 0.414218 0.182604 0.209638 0.118963 0.500947 0.265784 0 0.388733 0.686945 0.315569 0.16095 0.142964 0.483556 0.428125 0.743433 0.703643 0.477473 0.553585 0.572006 0.467041 0.322552 0.494591 0.429297 0.493594 0.288701 0.652174 0.610557 0.586275 0.446776 0.176225 0.479913 0.213284 0.527951 0.346869 0.624206 0.420876 0.510121 0.0597565
0.107382 0.179433 0.514563 0.697915 0.740411 0.443387 0.230333 0.452719 0.628999 0.180775 0 0.272136 0 0.267561 0.439896 0.475346 0.827824 0.206073 0.388733 0 0.737917 0.0751265 0.266915 0.520683 0.789116 0.635693 0.722167 0.917888 0.86491 0.278047 0.6543 0.775859 0.269471 0.170507 0.800884 0.801283 0.666425 0.505503 0.784096 0.413146 0.102705 0.213427 0.800931 0.301233 0.445494 0.133684 0.37445 0.0399859 0.718338 0.404393
0.795281 0.614846 0.618728 0.667956 0.733287 0.342445 0.578184 0.507902 0.392782 0.872761 0 0.501735 0.985757 0.791487 0.894605 0.616286 0.573682 0.56249 0.686945 0.737917 0 0.697824 0.766287 0 0.508367 0.32307 0.136015 0 0.851163 0 0.116942 0.513074 0.477461 0.907633 0.984171 0 0.685282 0.357351 0.232187 0.413873 0.678498 0.670359 0.549617 0.844386 0.312929 0.828789 0.527765 0.728413 0.301062 0.746648
0.182272 0.108003 0.439441 0.622788 0.665513 0.427258 0.247796 0.379757 0.560664 0.181421 0.729566 0.268488 0.714154 0.211696 0.385635 0.400231 0.754729 0.144196 0.315569 0.0751265 0.697824 0 0.205831 0.450223 0 0.571424 0.694836 0.856546 0.79065 0.299578 0.607131 0.703836 0.220953 0.226904 0.732983 0.72948 0.591408 0.499194 0.726403 0.409649 0.143506 0.139488 0.728141 0.253542 0.421076 0.133937 0.391947 0.105372 0.655407 0.334863
0.367241 0.187262 0.313283 0.487076 0.515089 0.568089 0.441549 0.316278 0.517705 0.198098 0.67971 0.441204 0 0.0263958 0.182361 0.277015 0.659635 0.237751 0.16095 0.266915 0.766287 0.205831 0 0.265057 0.638253 0.552803 0.797584 0.838259 0.626126 0.493835 0.658239 0.622206 0.322642 0.341426 0.536487 0.64885 0.447615 0.652507 0.730458 0.5719 0.349285 0.106937 0.637515 0.0781696 0.546496 0.192782 0.579635 0.304915 0.638269 0.149946
0.625818 0.382121 0.164052 0.264122 0.270412 0.693401 0.647327 0.271562 0.423337 0.456951 0.547974 0.620484 0.271259 0.277277 0 0.16128 0.470954 0.408583 0.142964 0.520683 0 0.450223 0.265057 0 0.47282 0 0.850215 0.731016 0.365421 0.696508 0.660619 0.455502 0.461223 0.605724 0 0.480195 0.218687 0.784649 0.662912 0.723419 0.58617 0.313353 0.456984 0.282722 0.656375 0.457457 0.766043 0.55527 0.555636 0.116776
0.889297 0.609936 0.333751 0.233498 0.279796 0.656349 0.774504 0.338885 0.179214 0.824914 0.107016 0.707089 0.564802 0 0.66033 0.364669 0.066058 0.588661 0.483556 0.789116 0.508367 0 0.638253 0.47282 0 0.220613 0.633569 0.287216 0.363694 0.803235 0.418013 0.0173181 0.561949 0.9373 0.552984 0.0126022 0.273887 0.730315 0.293534 0.72372 0.795838 0.601986 0.0418192 0.696836 0.606554 0.801319 0.821296 0.80586 0.207612 0.523814
0.725975 0.465297 0.319676 0.344889 0.410371 0.437362 0.577796 0.240815 0 0.712335 0.173863 0.505179 0.666927 0 0.634911 0.329065 0.284648 0.429699 0.428125 0.635693 0.32307 0.571424 0.552803 0 0.220613 0 0.432823 0.288494 0.531319 0.600286 0.214937 0.218123 0.379807 0.79827 0.663721 0.232127 0.363296 0.509777 0.182671 0.506616 0.621043 0.484468 0.25593 0.625016 0.387654 0.678961 0.608441 0.644245 0.0860873 0.48367
0.762578 0.62784 0.699568 0.773502 0.840007 0.287094 0.531557 0.579063 0.50033 0.875463 0.54436 0.461773 1.07748 0.821127 0.944186 0.690493 0.699497 0.573364 0.743433 0.722167 0.136015 0.694836 0.797584 0.850215 0.633569 0.432823 0 0.489362 0.963987 0.513747 0.218339 0.636646 0.484327 0.886804 1.07861 0.642601 0.785528 0.268368 0 0.345437 0.647788 0.694671 0.674012 0 0.276723 0.828706 0.451048 0.70563 0.426371 0.802728
1.00273 0.751821 0.573222 0.517181 0.566865 0 0.829451 0.52254 0.322347 1.00082 0.18755 0.752112 0.851507 0.864442 0.903013 0.593234 0.332316 0 0.703643 0.917888 0 0.856546 0.838259 0.731016 0.287216 0.288494 0.489362 0 0.643904 0.841389 0.329144 0.30193 0.653597 1.08333 0.840128 0.286961 0.553977 0.682356 0.147248 0.71269 0.892726 0 0.323234 0.908296 0.592712 0.967098 0.825781 0.922991 0.20256 0.754979
0.972208 0 0.361728 0.200651 0.13702 0.909141 0.943122 0.470737 0.463835 0.821422 0.47071 0.895749 0.260961 0.640882 0.54387 0.398286 0.311616 0.709689 0.477473 0.86491 0.851163 0.79065 0.626126 0.365421 0.363694 0.531319 0.963987 0.643904 0 0.985649 0.746248 0.352732 0.729174 0.967398 0.238013 0.360738 0.211087 0.996082 0.653425 0.96137 0.91292 0.651483 0.323621 0.648011 0.86226 0.818681 1.03425 0.895164 0.555738 0.476334
0.270368 0.31887 0.625718 0.79265 0.849857 0.230936 0.0523431 0.51769 0.624454 0.458746 0.774101 0.0961513 0.967754 0.505205 0.676139 0.591955 0.85758 0 0.553585 0.278047 0 0.299578 0.493835 0.696508 0.803235 0.600286 0.513747 0.841389 0.985649 0 0 0.794645 0.257158 0.408683 0.98217 0.815792 0.77469 0.25722 0.694873 0.169065 0.176627 0.398393 0.827958 0.55126 0.260613 0.411103 0.0967364 0.244487 0.665741 0.592945
0.722072 0.516838 0.501913 0.558058 0.624154 0 0.521273 0.39132 0 0.776652 0.335506 0.442912 0.870991 0.683882 0.780491 0.499378 0.484071 0.46674 0.572006 0.6543 0.116942 0.607131 0.658239 0.660619 0.418013 0.214937 0.218339 0.329144 0.746248 0 0 0.420056 0.386667 0.824799 0.870142 0.427641 0.572882 0.353931 0.18411 0.385416 0.606286 0.56606 0.457739 0.736006 0.267968 0.73462 0.499665 0.649582 0.213316 0
0.876563 0.596548 0.316875 0.217228 0.264958 0.651737 0.765095 0.324741 0.172114 0 0.118937 0.698498 0.549649 0 0.643102 0.34811 0.0666088 0.576256 0.467041 0.775859 0.513074 0.703836 0.622206 0.455502 0.0173181 0.218123 0.636646 0.30193 0.352732 0.794645 0.420056 0 0.551489 0.922997 0.538238 0.0266452 0.257152 0.72699 0.302033 0.718257 0.784142 0.587226 0.0379992 0.680325 0.601952 0.786375 0.814528 0.793127 0.212018 0.506899
0.349136 0.14368 0.371119 0.535493 0.593035 0.24725 0.218539 0.260553 0 0.395897 0.549913 0.166972 0.729251 0.343815 0.48967 0.339319 0.61152 0.0891219 0.322552 0.269471 0.477461 0.220953 0.322642 0.461223 0.561949 0.379807 0.484327 0.653597 0.729174 0.257158 0.386667 0.551489 0 0.439451 0.740929 0.574537 0.518098 0.33496 0.516389 0.263932 0.241287 0.216086 0.582414 0.397754 0.223901 0.351374 0.309606 0.270082 0.458083 0.372699
0.140079 0.333518 0.638223 0.819491 0.853238 0 0.370551 0.598426 0.785782 0.155293 0.954807 0.428226 0.842257 0.328669 0.47351 0.599295 0.970391 0.370312 0.494591 0.170507 0.907633 0.226904 0.341426 0.605724 0.9373 0.79827 0.886804 1.08333 0.967398 0.408683 0.824799 0.922997 0.439451 0 0.865495 0.949088 0.782975 0.656583 0.95199 0.563851 0.241787 0.337489 0.944988 0 0.61041 0.148717 0.503353 0.181208 0.882309 0.491371
0.903499 0.668719 0.38825 0.327996 0.27328 0.961362 0.933449 0.515226 0.594228 0.71087 0.655288 0.903705 0.0282254 0.542171 0.397434 0.409604 0.516087 0.694096 0.429297 0.800884 0.984171 0.732983 0.536487 0 0.552984 0.663721 1.07861 0.840128 0.238013 0.98217 0.870142 0.538238 0.740929 0.865495 0 0.554002 0.301159 1.05245 0.818815 0.998755 0.871385 0.598532 0.518913 0.529806 0.920214 0.7217 1.04895 0.837048 0.712188 0.398493
0.901601 0.622059 0.343188 0.237248 0.28118 0.668279 0.787101 0 0.191691 0.836079 0.110874 0.719648 0.566392 0.673014 0.66865 0.374649 0.0571199 0.601028 0.493594 0.801283 0 0.72948 0.64885 0.480195 0.0126022 0.232127 0.642601 0.286961 0.360738 0.815792 0.427641 0.0266452 0.574537 0.949088 0.554002 0 0.278592 0.741898 0.299453 0.735836 0.808325 0.613541 0.0371186 0.706874 0.618488 0.812774 0.833646 0.818163 0.216314 0.533147
0.773679 0.497316 0.153692 0.0457282 0.0757511 0.703499 0.732567 0.260085 0.293576 0.645686 0.366449 0.684666 0.306493 0.466718 0.414233 0.192075 0.258701 0.501123 0.288701 0.666425 0.685282 0.591408 0.447615 0.218687 0.273887 0.363296 0.785528 0.553977 0.211087 0.77469 0.572882 0.257152 0.518098 0.782975 0.301159 0.278592 0 0.791967 0 0.752968 0.70733 0.45435 0.24962 0.485922 0.657797 0.635545 0.823518 0.694256 0.411733 0.304751
0.522522 0.465873 0.665986 0.795451 0.860523 0.0913375 0.286724 0 0.559154 0.677739 0.669695 0.233614 1.04433 0.671331 0.824213 0.642859 0.793587 0.414912 0.652174 0.505503 0.357351 0.499194 0.652507 0.784649 0.730315 0.509777 0.268368 0.682356 0.996082 0.25722 0.353931 0.72699 0.33496 0.656583 1.05245 0.741898 0.791967 0 0.538033 0.0928414 0.415306 0.545784 0.76437 0.724015 0.134174 0.629048 0.183677 0 0.547552 0.705365
0.864603 0.624746 0.49921 0.491223 0.551193 0.490154 0.684255 0.422632 0.239703 0.879888 0.190341 0.606541 0.825537 0 0.81758 0.510964 0.355559 0.582217 0.610557 0.784096 0.232187 0.726403 0.730458 0.662912 0.293534 0.182671 0 0.147248 0.653425 0.694873 0.18411 0.302033 0.516389 0.95199 0.818815 0.299453 0 0.538033 0 0.565685 0.752604 0.654963 0.335294 0.804281 0.445503 0 0 0.786466 0.108672 0.66633
0.430417 0.384644 0.617615 0.761444 0.824532 0.0756867 0.194529 0.49464 0 0.586753 0.675318 0.141989 0.988677 0.589338 0.747537 0.590725 0.784206 0.336356 0.586275 0.413146 0.413873 0.409649 0.5719 0.723419 0.72372 0.506616 0.345437 0.71269 0.96137 0.169065 0.385416 0.718257 0.263932 0.563851 0.998755 0.735836 0.752968 0.0928414 0.565685 0 0.322478 0.466129 0.754497 0.641094 0.121683 0.538021 0.114986 0.387459 0.557307 0.636506
0.116783 0.210928 0.553638 0.734035 0.782798 0.362524 0.131675 0.471102 0 0.283221 0.790278 0.186913 0.853534 0.354868 0.528862 0.515602 0 0.211111 0.446776 0.102705 0.678498 0.143506 0.349285 0.58617 0.795838 0.621043 0.647788 0.892726 0.91292 0.176627 0.606286 0.784142 0.241287 0.241787 0.871385 0.808325 0.70733 0.415306 0.752604 0.322478 0 0.272924 0.812678 0.394481 0.372957 0.236387 0.273347 0.0678939 0.699088 0.473015
0 0.0823098 0.304353 0.487551 0.527713 0.461152 0.346751 0.264373 0.460225 0 0.627903 0.338416 0.581003 0.12778 0.282634 0.265049 0.63315 0.130895 0.176225 0.213427 0.670359 0.139488 0.106937 0.313353 0.601986 0.484468 0.694671 0 0.651483 0.398393 0.56606 0.587226 0.216086 0.337489 0.598532 0.613541 0.45435 0.545784 0.654963 0.466129 0.272924 0 0.608085 0.181831 0.439983 0.199749 0.479843 0.244694 0.570522 0
0.902826 0.6215 0.32759 0.206662 0.246805 0.688523 0.797375 0.348384 0.207871 0.827685 0.147732 0.731858 0.531904 0 0.647982 0.361193 0.0298033 0.603558 0.479913 0.800931 0.549617 0.728141 0.637515 0.456984 0.0418192 0.25593 0.674012 0.323234 0.323621 0.827958 0.457739 0.0379992 0.582414 0.944988 0.518913 0.0371186 0.24962 0.76437 0.335294 0.754497 0.812678 0.608085 0 0.692739 0.638759 0.806299 0.849719 0.819455 0.248639 0.516379
0.390668 0.258358 0.365237 0 0.547934 0.641284 0 0.385836 0.586412 0.181102 0.744992 0.506651 0.506466 0.0541559 0.141659 0.332227 0.713121 0.310996 0.213284 0.301233 0.844386 0.253542 0.0781696 0.282722 0.696836 0.625016 0 0.908296 0.648011 0.55126 0.736006 0.680325 0.397754 0 0.529806 0.706874 0.485922 0.724015 0.804281 0.641094 0.394481 0.181831 0.692739 0 0.621572 0.195473 0.640741 0.341074 0.709878 0
0.488927 0.365265 0.532913 0.661609 0.726515 0.0497953 0.265455 0.40636 0.431623 0.602439 0.554581 0.190119 0.912779 0.567687 0 0.510933 0.668303 0.311228 0.527951 0.445494 0.312929 0.421076 0.546496 0.656375 0.606554 0.387654 0.276723 0.592712 0.86226 0.260613 0.267968 0.601952 0.223901 0.61041 0.920214 0.618488 0.657797 0.134174 0.445503 0.121683 0.372957 0.439983 0.638759 0.621572 0 0.554932 0.233086 0.429203 0.43585 0.583301
0.200445 0.219489 0.493043 0.672891 0.705154 0.559946 0.362275 0.464122 0.658721 0.0487366 0 0.396035 0.699303 0.181111 0.336807 0.454527 0.830736 0.26788 0.346869 0.133684 0.828789 0.133937 0.192782 0.457457 0.801319 0.678961 0.828706 0.967098 0.818681 0.411103 0.73462 0.786375 0.351374 0.148717 0.7217 0.812774 0.635545 0.629048 0 0.538021 0.236387 0.199749 0.806299 0.195473 0.554932 0 0.50713 0.171018 0.764592 0
0.363976 0.398171 0.679787 0.836965 0.897364 0.190163 0.145197 0.563519 0.642437 0.55499 0 0 1.03623 0.592853 0.761113 0.648794 0.879522 0.359886 0.624206 0.37445 0.527765 0.391947 0.579635 0.766043 0.821296 0.608441 0.451048 0.825781 1.03425 0.0967364 0.499665 0.814528 0.309606 0.503353 1.04895 0.833646 0.823518 0.183677 0 0.114986 0.273347 0.479843 0.849719 0.640741 0.233086 0.50713 0 0.341218 0.664634 0.668045
0.0834386 0.200283 0.541423 0.724316 0.768828 0.423045 0.199137 0.472441 0.641761 0.216759 0.809171 0.24875 0.817736 0 0.479351 0.502435 0.846873 0.217859 0.420876 0.0399859 0.728413 0.105372 0.304915 0.55527 0.80586 0.644245 0.70563 0.922991 0.895164 0.244487 0.649582 0.793127 0.270082 0.181208 0.837048 0.818163 0.694256 0 0.786466 0.387459 0.0678939 0.244694 0.819455 0.341074 0.429203 0.171018 0.341218 0 0.725362 0.439517
0.80633 0.549953 0.392431 0.385511 0.447166 0.484399 0.647385 0 0.132469 0.798292 0.123462 0.572384 0.718226 0.664573 0.714842 0.406221 0.273323 0.512758 0.510121 0.718338 0.301062 0.655407 0.638269 0.555636 0.207612 0.0860873 0.426371 0.20256 0.555738 0.665741 0.213316 0.212018 0.458083 0.882309 0.712188 0.216314 0.411733 0.547552 0.108672 0.557307 0.699088 0.570522 0.248639 0.709878 0.43585 0.764592 0.664634 0.725362 0 0.56432
0.50917 0.274625 0.190092 0.346813 0.368585 0.615315 0.542417 0.246036 0.434172 0.345737 0.581841 0.523042 0.380572 0 0.151558 0.162722 0.535319 0.308166 0.0597565 0.404393 0.746648 0.334863 0.149946 0.116776 0.523814 0.48367 0.802728 0.754979 0.476334 0.592945 0 0.506899 0.372699 0.491371 0.398493 0.533147 0.304751 0.705365 0.66633 0.636506 0.473015 0 0.516379 0 0.583301 0 0.668045 0.439517 0.56432 0
